#x                 y 
1                   0                   
0.996052           0.0628319                   
0.988149            0.125414                   
0.976298            0.187496                   
0.960524            0.248823                   
0.940869            0.309146                   
0.91739            0.368212                   
0.890161            0.425773                   
0.859275            0.481584                   
0.824839            0.535407                   
0.786979            0.587006                   
0.745836            0.636157                   
0.701567            0.682642                   
0.654346            0.726253                   
0.604359            0.766796                   
0.551808            0.804086                   
0.496909            0.837953                   
0.439888            0.868242                   
0.380984            0.894813                   
0.320444            0.917545                   
0.258527            0.936331                   
0.195496            0.951083                   
0.131621            0.961734                   
0.0671791            0.968234                   
0.00244677            0.970553                   
-0.0622962            0.968681                   
-0.12677            0.962627                   
-0.190697            0.952422                   
-0.253803            0.938114                   
-0.315817            0.919771                   
-0.376476            0.897479                   
-0.435522            0.871345                   
-0.492708            0.841489                   
-0.547797             0.80805                   
-0.60056            0.771182                   
-0.650785            0.731054                   
-0.69827            0.687848                   
-0.742828            0.641758                   
-0.784285             0.59299                   
-0.822485            0.541759                   
-0.857286            0.488289                   
-0.888563            0.432812                   
-0.916206            0.375565                   
-0.940124            0.316791                   
-0.960241            0.256736                   
-0.976497            0.195649                   
-0.988851             0.13378                   
-0.997275           0.0713799                   
-1.00176          0.00869742                   
-1.00231          -0.0540192                   
-0.998952           -0.116525                   
-0.991715           -0.178578                   
-0.980651           -0.239943                   
-0.965824           -0.300387                   
-0.947313           -0.359685                   
-0.925208           -0.417618                   
-0.89961           -0.473975                   
-0.870635           -0.528552                   
-0.838406           -0.581154                   
-0.80306           -0.631595                   
-0.76474           -0.679698                   
-0.723602           -0.725296                   
-0.679808           -0.768231                   
-0.633527           -0.808356                   
-0.584938           -0.845536                   
-0.534224           -0.879644                   
-0.481575           -0.910567                   
-0.427186             -0.9382                   
-0.371259           -0.962453                   
-0.313996           -0.983244                   
-0.255605            -1.00051                   
-0.196299            -1.01418                   
-0.136289            -1.02422                   
-0.0757917             -1.0306                   
-0.0150232            -1.03329                   
0.0457992            -1.03228                   
0.106458            -1.02758                   
0.166735             -1.0192                   
0.226414            -1.00717                   
0.285282            -0.99152                   
0.343123           -0.972309                   
0.399729           -0.949596                   
0.454892           -0.923455                   
0.508409           -0.893972                   
0.56008           -0.861244                   
0.609713           -0.825381                   
0.657117           -0.786502                   
0.702112           -0.744739                   
0.744522           -0.700234                   
0.784179            -0.65314                   
0.820923            -0.60362                   
0.854605           -0.551847                   
0.885081           -0.498005                   
0.912221           -0.442286                   
0.935905           -0.384891                   
0.956024            -0.32603                   
0.972481           -0.265921                   
0.985191           -0.204786                   
0.994083           -0.142858                   
0.999102          -0.0803736                   
1.0002          -0.0175738                   
0.99736           0.0452952                   
0.99056            0.107985                   
0.979808            0.170243                   
0.965123            0.231818                   
0.946542            0.292457                   
0.924117            0.351909                   
0.89792            0.409924                   
0.868036            0.466257                   
0.83457            0.520665                   
0.797643            0.572913                   
0.757391            0.622774                   
0.713967            0.670027                   
0.667541            0.714461                   
0.618296            0.755879                   
0.56643            0.794092                   
0.512154            0.828928                   
0.455692            0.860225                   
0.39728            0.887842                   
0.337164             0.91165                   
0.275599            0.931538                   
0.212846            0.947415                   
0.149176            0.959207                   
0.0848626             0.96686                   
0.0201823            0.970337                   
-0.0445851            0.969625                   
-0.10916            0.964726                   
-0.173264            0.955666                   
-0.236622            0.942488                   
-0.298961            0.925255                   
-0.360017            0.904049                   
-0.41953             0.87897                   
-0.47725            0.850134                   
-0.532937            0.817677                   
-0.586362            0.781748                   
-0.637306            0.742512                   
-0.685564            0.700147                   
-0.730946            0.654844                   
-0.773275            0.606806                   
-0.812389            0.556246                   
-0.848143            0.503385                   
-0.880407            0.448452                   
-0.909068            0.391684                   
-0.934028            0.333322                   
-0.955208            0.273611                   
-0.972543            0.212798                   
-0.985988            0.151134                   
-0.995511           0.0888689                   
-1.0011           0.0262524                   
-1.00275          -0.0364673                   
-1.00048          -0.0990445                   
-0.994327           -0.161237                   
-0.984332           -0.222807                   
-0.970557           -0.283521                   
-0.953076           -0.343152                   
-0.931974            -0.40148                   
-0.907352           -0.458291                   
-0.87932           -0.513379                   
-0.847999           -0.566548                   
-0.813522           -0.617608                   
-0.77603            -0.66638                   
-0.735677           -0.712694                   
-0.69262            -0.75639                   
-0.647029           -0.797317                   
-0.599079           -0.835337                   
-0.548951           -0.870321                   
-0.496834           -0.902152                   
-0.442922           -0.930722                   
-0.387413           -0.955937                   
-0.33051           -0.977713                   
-0.27242           -0.995978                   
-0.213353            -1.01067                   
-0.153522            -1.02174                   
-0.093142            -1.02916                   
-0.0324284            -1.03289                   
0.0284013            -1.03293                   
0.0891293            -1.02928                   
0.149538            -1.02193                   
0.209411            -1.01093                   
0.268533             -0.9963                   
0.32669           -0.978089                   
0.383671           -0.956357                   
0.439267           -0.931174                   
0.493274           -0.902623                   
0.545492           -0.870798                   
0.595726           -0.835804                   
0.643784           -0.797759                   
0.689482            -0.75679                   
0.732645           -0.713036                   
0.7731           -0.666648                   
0.810686           -0.617787                   
0.84525           -0.566622                   
0.876647           -0.513334                   
0.904743           -0.458113                   
0.929414           -0.401158                   
0.950548           -0.342676                   
0.968045           -0.282883                   
0.981816           -0.222001                   
0.991786            -0.16026                   
0.997896           -0.097895                   
1.0001          -0.0351467                   
0.998359           0.0277402                   
0.992665           0.0905171                   
0.983013            0.152933                   
0.96942            0.214736                   
0.951917            0.275673                   
0.930554            0.335492                   
0.905395            0.393942                   
0.876523            0.450777                   
0.844037            0.505753                   
0.808053            0.558633                   
0.768704            0.609187                   
0.726139            0.657193                   
0.680522            0.702436                   
0.632034            0.744715                   
0.580868            0.783839                   
0.527233            0.819631                   
0.471348            0.851927                   
0.413448            0.880579                   
0.353775            0.905454                   
0.292581            0.926439                   
0.230128            0.943435                   
0.166683            0.956364                   
0.102518            0.965167                   
0.0379112            0.969802                   
-0.0268597            0.970249                   
-0.0915146            0.966507                   
-0.155775            0.958596                   
-0.219363            0.946553                   
-0.282008            0.930436                   
-0.343441            0.910322                   
-0.403402            0.886306                   
-0.461638            0.858501                   
-0.517907            0.827037                   
-0.571975            0.792058                   
-0.623622            0.753727                   
-0.672639            0.712217                   
-0.718832            0.667717                   
-0.762019            0.620425                   
-0.802036            0.570552                   
-0.838733            0.518317                   
-0.871975            0.463947                   
-0.901644            0.407676                   
-0.92764            0.349744                   
-0.949877            0.290395                   
-0.968288            0.229876                   
-0.98282            0.168436                   
-0.993439            0.106326                   
-1.00013           0.0437948                   
-1.00288          -0.0189087                   
-1.0017          -0.0815382                   
-0.996636           -0.143851                   
-0.987715           -0.205607                   
-0.974997           -0.266573                   
-0.958551           -0.326519                   
-0.938461           -0.385225                   
-0.914822           -0.442473                   
-0.887742           -0.498057                   
-0.857338           -0.551777                   
-0.823741           -0.603442                   
-0.78709           -0.652869                   
-0.747533           -0.699885                   
-0.705228           -0.744329                   
-0.660341           -0.786047                   
-0.613044           -0.824897                   
-0.563517           -0.860747                   
-0.511948           -0.893476                   
-0.458527           -0.922976                   
-0.403453           -0.949146                   
-0.346927           -0.971901                   
-0.289155           -0.991164                   
-0.230346            -1.00687                   
-0.170711            -1.01897                   
-0.110465            -1.02743                   
-0.0498243             -1.0322                   
0.0109949            -1.03329                   
0.0717748            -1.03068                   
0.132298            -1.02437                   
0.192347             -1.0144                   
0.251706            -1.00079                   
0.310161           -0.983588                   
0.367499           -0.962843                   
0.423512           -0.938625                   
0.477994           -0.911014                   
0.530743             -0.8801                   
0.581562           -0.845985                   
0.630259           -0.808784                   
0.676648            -0.76862                   
0.720549           -0.725631                   
0.76179           -0.679963                   
0.800206           -0.631774                   
0.835642           -0.581231                   
0.867949           -0.528512                   
0.896992           -0.473806                   
0.922642           -0.417307                   
0.944784           -0.359222                   
0.963314           -0.299764                   
0.978141           -0.239153                   
0.989186           -0.177617                   
0.996384           -0.115391                   
0.999683          -0.0527131                   
0.999049           0.0101721                   
0.99446            0.073017                   
0.985912            0.135571                   
0.973414            0.197582                   
0.956995            0.258798                   
0.936698            0.318964                   
0.912584            0.377831                   
0.884732             0.43515                   
0.853235            0.490676                   
0.818205            0.544171                   
0.779772            0.595402                   
0.738078            0.644144                   
0.693285            0.690181                   
0.645569            0.733307                   
0.595119            0.773329                   
0.542141            0.810065                   
0.486852            0.843348                   
0.429482            0.873026                   
0.370271            0.898961                   
0.309469            0.921035                   
0.247335            0.939145                   
0.184135            0.953207                   
0.12014            0.963156                   
0.0556275            0.968947                   
-0.00912578            0.970554                   
-0.0738396             0.96797                   
-0.138235             0.96121                   
-0.202034            0.950306                   
-0.264964             0.93531                   
-0.326755            0.916296                   
-0.387144            0.893352                   
-0.445878            0.866587                   
-0.50271            0.836126                   
-0.557405             0.80211                   
-0.609739            0.764697                   
-0.659499            0.724056                   
-0.706488            0.680372                   
-0.750521            0.633843                   
-0.791429            0.584673                   
-0.829057            0.533081                   
-0.863267            0.479291                   
-0.893937            0.423535                   
-0.920961            0.366052                   
-0.94425            0.307084                   
-0.963731            0.246878                   
-0.979347            0.185682                   
-0.99106            0.123746                   
-0.998846           0.0613194                   
-1.0027         -0.00134864                   
-1.00262          -0.0640114                   
-0.998642           -0.126425                   
-0.990798           -0.188349                   
-0.979141           -0.249549                   
-0.963737           -0.309793                   
-0.944665           -0.368858                   
-0.922017           -0.426528                   
-0.895898           -0.482591                   
-0.866422           -0.536846                   
-0.833716             -0.5891                   
-0.797917           -0.639168                   
-0.759169           -0.686874                   
-0.717628           -0.732053                   
-0.673458           -0.774549                   
-0.626828           -0.814218                   
-0.577918           -0.850924                   
-0.526912           -0.884543                   
-0.473999           -0.914963                   
-0.419376           -0.942081                   
-0.363244           -0.965808                   
-0.305806           -0.986064                   
-0.247271            -1.00278                   
-0.18785            -1.01591                   
-0.127757             -1.0254                   
-0.0672059            -1.03122                   
-0.00641488            -1.03335                   
0.0543991            -1.03178                   
0.115018            -1.02652                   
0.175226            -1.01758                   
0.234805              -1.005                   
0.29354           -0.988803                   
0.35122            -0.96905                   
0.407633           -0.945805                   
0.462574           -0.919141                   
0.515838           -0.889147                   
0.567227           -0.855921                   
0.616548           -0.819574                   
0.663613           -0.780227                   
0.708239           -0.738015                   
0.750253           -0.693079                   
0.789488           -0.645576                   
0.825784            -0.59567                   
0.858991           -0.543537                   
0.88897            -0.48936                   
0.915591           -0.433335                   
0.938733           -0.375664                   
0.958291           -0.316558                   
0.974168           -0.256236                   
0.986283           -0.194924                   
0.994565           -0.132856                   
0.998961          -0.0702676                   
0.999431         -0.00740346                   
0.995948             0.05549                   
0.988503            0.118163                   
0.977104            0.180363                   
0.961772            0.241837                   
0.942547            0.302332                   
0.919486            0.361596                   
0.892661            0.419381                   
0.862162             0.47544                   
0.828098            0.529532                   
0.79059            0.581423                   
0.749781            0.630885                   
0.705826              0.6777                   
0.658896            0.721659                   
0.609179            0.762566                   
0.556875            0.800234                   
0.502199            0.834493                   
0.445377            0.865186                   
0.386646            0.892173                   
0.326255            0.915328                   
0.264461            0.934545                   
0.201527            0.949735                   
0.137723            0.960828                   
0.0733255            0.967773                   
0.00861088            0.970539                   
-0.0561409            0.969115                   
-0.12065            0.963508                   
-0.18464            0.953746                   
-0.247834            0.939878                   
-0.309963            0.921969                   
-0.370762            0.900105                   
-0.429974            0.874389                   
-0.487351            0.844941                   
-0.542656              0.8119                   
-0.59566            0.775416                   
-0.646148            0.735658                   
-0.693919            0.692807                   
-0.738785            0.647054                   
-0.780571            0.598604                   
-0.81912            0.547671                   
-0.854288            0.494479                   
-0.88595            0.439257                   
-0.913994            0.382241                   
-0.938328            0.323673                   
-0.958874            0.263799                   
-0.975571            0.202866                   
-0.988375            0.141123                   
-0.997259           0.0788207                   
-1.00221           0.0162074                   
-1.00323          -0.0464694                   
-1.00034           -0.108965                   
-0.99358           -0.171039                   
-0.982988           -0.232453                   
-0.968631           -0.292977                   
-0.950584           -0.352385                   
-0.928936           -0.410458                   
-0.903786           -0.466984                   
-0.875248           -0.521759                   
-0.843443           -0.574587                   
-0.808506           -0.625281                   
-0.77058           -0.673663                   
-0.729816           -0.719565                   
-0.686376           -0.762828                   
-0.640428           -0.803304                   
-0.592149           -0.840855                   
-0.541721           -0.875354                   
-0.489332           -0.906686                   
-0.435177           -0.934745                   
-0.379454           -0.959437                   
-0.322368           -0.980681                   
-0.264124           -0.998405                   
-0.204935            -1.01255                   
-0.145011            -1.02307                   
-0.0845682            -1.02993                   
-0.023823            -1.03311                   
0.0370073            -1.03259                   
0.0977053            -1.02837                   
0.158053            -1.02047                   
0.217835            -1.00891                   
0.276834           -0.993732                   
0.334838           -0.974979                   
0.391635           -0.952711                   
0.447017           -0.927003                   
0.50078           -0.897936                   
0.552725           -0.865609                   
0.602655           -0.830126                   
0.650381           -0.791608                   
0.695719           -0.750184                   
0.738493           -0.705994                   
0.778533           -0.659191                   
0.815678           -0.609936                   
0.849775           -0.558403                   
0.880681           -0.504772                   
0.908263           -0.449236                   
0.932398           -0.391996                   
0.952976            -0.33326                   
0.969898           -0.273245                   
0.983078           -0.212176                   
0.992442           -0.150284                   
0.997932           -0.087805                   
0.999503          -0.0249812                   
0.997126           0.0379413                   
0.990787            0.100713                   
0.980489            0.163082                   
0.966248            0.224796                   
0.9481              0.2856                   
0.926097            0.345244                   
0.900307            0.403475                   
0.870816            0.460048                   
0.837726             0.51472                   
0.801157            0.567253                   
0.761244             0.61742                   
0.71814            0.664997                   
0.672011            0.709775                   
0.623042            0.751552                   
0.571429             0.79014                   
0.517383            0.825364                   
0.461127            0.857062                   
0.402896            0.885091                   
0.342936            0.909319                   
0.281501            0.929637                   
0.218853             0.94595                   
0.155261            0.958183                   
0.0909994             0.96628                   
0.0263445            0.970204                   
-0.0384242            0.969939                   
-0.103027            0.965488                   
-0.167185            0.956873                   
-0.230624            0.944136                   
-0.29307            0.927339                   
-0.354259            0.906562                   
-0.413931            0.881904                   
-0.471836             0.85348                   
-0.527733            0.821424                   
-0.58139            0.785883                   
-0.632591            0.747021                   
-0.68113            0.705015                   
-0.726814            0.660055                   
-0.769466            0.612341                   
-0.808923            0.562085                   
-0.84504            0.509507                   
-0.877684            0.454836                   
-0.906741            0.398305                   
-0.932114            0.340157                   
-0.953719            0.280633                   
-0.971492            0.219982                   
-0.985385            0.158452                   
-0.995365           0.0962933                   
-1.00141           0.0337541                   
-1.00353          -0.0289175                   
-1.00174          -0.0914763                   
-0.99606            -0.15368                   
-0.986538           -0.215292                   
-0.973233           -0.276077                   
-0.956218           -0.335811                   
-0.935576            -0.39427                   
-0.911404           -0.451242                   
-0.883812           -0.506521                   
-0.852919           -0.559907                   
-0.818855           -0.611213                   
-0.781762           -0.660257                   
-0.741788           -0.706868                   
-0.699092           -0.750885                   
-0.65384           -0.792157                   
-0.606206           -0.830543                   
-0.556371           -0.865913                   
-0.504521           -0.898148                   
-0.45085           -0.927139                   
-0.395554            -0.95279                   
-0.338835           -0.975016                   
-0.280901           -0.993741                   
-0.221959             -1.0089                   
-0.162223            -1.02045                   
-0.101906            -1.02835                   
-0.0412245            -1.03257                   
0.0196045             -1.0331                   
0.0803633            -1.02992                   
0.140834            -1.02306                   
0.200801            -1.01254                   
0.260046           -0.998376                   
0.318357           -0.980625                   
0.375521           -0.959343                   
0.431329           -0.934596                   
0.485575           -0.906466                   
0.538059           -0.875046                   
0.588583           -0.840438                   
0.636956           -0.802759                   
0.682992           -0.762134                   
0.726513           -0.718703                   
0.767346           -0.672613                   
0.805328           -0.624024                   
0.840304           -0.573105                   
0.872127           -0.520037                   
0.900661           -0.465007                   
0.925781           -0.408214                   
0.947372           -0.349865                   
0.965332           -0.290176                   
0.979572           -0.229368                   
0.990014           -0.167671                   
0.996595            -0.10532                   
0.999267          -0.0425556                   
0.997996           0.0203765                   
0.992763           0.0832277                   
0.983568            0.145747                   
0.970422             0.20768                   
0.953356            0.268775                   
0.932417            0.328778                   
0.90767            0.387438                   
0.879194            0.444506                   
0.847089             0.49974                   
0.811468            0.552899                   
0.772464            0.603753                   
0.730223            0.652078                   
0.684911            0.697659                   
0.636705            0.740293                   
0.585798            0.779787                   
0.532399            0.815964                   
0.476728            0.848657                   
0.419016            0.877717                   
0.359505            0.903012                   
0.298449            0.924423                   
0.236108            0.941854                   
0.172749            0.955222                   
0.108643            0.964469                   
0.0440692             0.96955                   
-0.0206953            0.970445                   
-0.0853704             0.96715                   
-0.149677            0.959684                   
-0.213339            0.948084                   
-0.276084            0.932404                   
-0.337643            0.912722                   
-0.397755             0.88913                   
-0.456169             0.86174                   
-0.51264            0.830679                   
-0.566935            0.796093                   
-0.618832             0.75814                   
-0.668122            0.716994                   
-0.714611            0.672841                   
-0.758116            0.625878                   
-0.798471            0.576315                   
-0.835525            0.524369                   
-0.869142            0.470267                   
-0.899204            0.414241                   
-0.925608            0.356529                   
-0.948267            0.297376                   
-0.967112            0.237026                   
-0.98209            0.175728                   
-0.993163            0.113732                   
-1.00031            0.051286                   
-1.00353          -0.0113612                   
-1.00283           -0.073964                   
-0.998236            -0.13628                   
-0.989789           -0.198069                   
-0.977542           -0.259099                   
-0.961563           -0.319139                   
-0.941935           -0.377968                   
-0.918749           -0.435369                   
-0.892112           -0.491135                   
-0.862141           -0.545065                   
-0.828962           -0.596968                   
-0.792713           -0.646659                   
-0.753541           -0.693966                   
-0.711602           -0.738725                   
-0.667059           -0.780781                   
-0.620085           -0.819991                   
-0.570858           -0.856222                   
-0.519563           -0.889351                   
-0.466391           -0.919267                   
-0.411538           -0.945869                   
-0.355204           -0.969069                   
-0.297596            -0.98879                   
-0.23892            -1.00497                   
-0.179388            -1.01754                   
-0.119214            -1.02648                   
-0.0586142            -1.03174                   
0.00219561            -1.03331                   
0.0629976            -1.03118                   
0.123574            -1.02536                   
0.183708            -1.01587                   
0.243182            -1.00273                   
0.301782           -0.985989                   
0.359296           -0.965697                   
0.415513           -0.941919                   
0.470227           -0.914734                   
0.523234           -0.884229                   
0.574337           -0.850506                   
0.623343           -0.813676                   
0.670063           -0.773864                   
0.714316           -0.731203                   
0.75593           -0.685839                   
0.794737            -0.63793                   
0.83058           -0.587641                   
0.86331           -0.535149                   
0.892787           -0.480641                   
0.918883           -0.424313                   
0.94148           -0.366369                   
0.960473           -0.307023                   
0.975767           -0.246494                   
0.987282           -0.185011                   
0.994951           -0.122806                   
0.998722          -0.0601212                   
0.998556          0.00280103                   
0.994431           0.0657122                   
0.98634            0.128361                   
0.974291            0.190495                   
0.958312            0.251861                   
0.938443            0.312204                   
0.914745            0.371273                   
0.887293            0.428819                   
0.856182            0.484596                   
0.82152            0.538364                   
0.783436            0.589889                   
0.742073            0.638945                   
0.69759            0.685315                   
0.650162            0.728791                   
0.599979            0.769179                   
0.547244            0.806296                   
0.492174            0.839973                   
0.434999            0.870056                   
0.375958            0.896407                   
0.315301            0.918905                   
0.253286            0.937447                   
0.190179            0.951947                   
0.126252            0.962339                   
0.0617794            0.968576                   
-0.00295992             0.97063                   
-0.0676864            0.968494                   
-0.132121             0.96218                   
-0.195986            0.951719                   
-0.259008            0.937163                   
-0.320917            0.918582                   
-0.381451            0.896065                   
-0.440355            0.869717                   
-0.497382            0.839663                   
-0.552297            0.806043                   
-0.604874            0.769012                   
-0.654902             0.72874                   
-0.702181            0.685408                   
-0.746526            0.639213                   
-0.787766            0.590359                   
-0.825746            0.539062                   
-0.860327            0.485546                   
-0.891385            0.430042                   
-0.918812            0.372786                   
-0.942519            0.314021                   
-0.962431            0.253991                   
-0.978491            0.192945                   
-0.990656            0.131131                   
-0.998902           0.0687977                   
-1.00322          0.00619419                   
-1.00362          -0.0564336                   
-1.00011           -0.118842                   
-0.992739           -0.180791                   
-0.981554           -0.242046                   
-0.966619           -0.302375                   
-0.94801           -0.361556                   
-0.925819            -0.41937                   
-0.900146           -0.475607                   
-0.871106           -0.530065                   
-0.838822           -0.582549                   
-0.803429           -0.632874                   
-0.765071           -0.680864                   
-0.723902           -0.726351                   
-0.680082            -0.76918                   
-0.633782           -0.809203                   
-0.585178           -0.846284                   
-0.534453           -0.880297                   
-0.481796           -0.911129                   
-0.427402           -0.938675                   
-0.37147           -0.962844                   
-0.314204           -0.983555                   
-0.255811            -1.00074                   
-0.196501            -1.01434                   
-0.136488             -1.0243                   
-0.0759872            -1.03061                   
-0.0152142            -1.03322                   
0.0456132            -1.03214                   
0.106277            -1.02737                   
0.166561            -1.01891                   
0.226246             -1.0068                   
0.285119           -0.991069                   
0.342966           -0.971773                   
0.399575            -0.94897                   
0.45474           -0.922737                   
0.508255           -0.893156                   
0.559922           -0.860327                   
0.609544           -0.824357                   
0.656934           -0.785368                   
0.701907            -0.74349                   
0.744289           -0.698866                   
0.783909           -0.651649                   
0.820608           -0.602005                   
0.854233           -0.550105                   
0.884644           -0.496135                   
0.911707           -0.440288                   
0.935303           -0.382766                   
0.95532            -0.32378                   
0.971664           -0.263549                   
0.984248           -0.202298                   
0.993002            -0.14026                   
0.997869          -0.0776727                   
0.998807          -0.0147797                   
0.995789           0.0481718                   
0.988804            0.110931                   
0.977857            0.173247                   
0.962967            0.234863                   
0.944174            0.295528                   
0.921531            0.354988                   
0.895111            0.412992                   
0.865003            0.469295                   
0.831311            0.523654                   
0.794159            0.575833                   
0.753685            0.625603                   
0.710045            0.672746                   
0.66341             0.71705                   
0.613965            0.758318                   
0.561911            0.796363                   
0.507461            0.831012                   
0.450841            0.862108                   
0.392288            0.889507                   
0.332049            0.913085                   
0.270381            0.932732                   
0.207548            0.948358                   
0.143819            0.959893                   
0.0794691            0.967283                   
0.014776            0.970496                   
-0.0499808            0.969519                   
-0.114522            0.964359                   
-0.17857            0.955042                   
-0.241849            0.941614                   
-0.304088            0.924141                   
-0.365024            0.902705                   
-0.4244             0.87741                   
-0.481965            0.848373                   
-0.537483             0.81573                   
-0.590724            0.779633                   
-0.641473            0.740248                   
-0.689528            0.697753                   
-0.734699            0.652339                   
-0.776811            0.604211                   
-0.815707             0.55358                   
-0.851241            0.500668                   
-0.883286            0.445703                   
-0.91173            0.388922                   
-0.936478            0.330564                   
-0.957452            0.270873                   
-0.974589            0.210098                   
-0.987843            0.148485                   
-0.997185           0.0862839                   
-1.0026           0.0237433                   
-1.00409          -0.0388902                   
-1.00168           -0.101372                   
-0.995388           -0.163462                   
-0.98527           -0.224924                   
-0.971383           -0.285525                   
-0.953801            -0.34504                   
-0.932611           -0.403249                   
-0.907911           -0.459941                   
-0.879811           -0.514911                   
-0.848432           -0.567962                   
-0.813906           -0.618905                   
-0.776375           -0.667564                   
-0.735988           -0.713767                   
-0.692905           -0.757356                   
-0.647293            -0.79818                   
-0.599326           -0.836101                   
-0.549186            -0.87099                   
-0.49706           -0.902729                   
-0.443141           -0.931211                   
-0.387627           -0.956342                   
-0.33072           -0.978037                   
-0.272627           -0.996223                   
-0.213557            -1.01084                   
-0.153723            -1.02184                   
-0.0933383            -1.02918                   
-0.03262            -1.03284                   
0.0282151            -1.03281                   
0.0889492            -1.02908                   
0.149365            -1.02166                   
0.209244            -1.01057                   
0.268373           -0.995863                   
0.326535           -0.977568                   
0.38352           -0.955747                   
0.439119           -0.930472                   
0.493126           -0.901825                   
0.54534           -0.869899                   
0.595565           -0.834799                   
0.64361           -0.796644                   
0.689289            -0.75556                   
0.732425           -0.711688                   
0.772846           -0.665179                   
0.810389           -0.616193                   
0.8449           -0.564901                   
0.876234           -0.511484                   
0.904256           -0.456135                   
0.928841           -0.399052                   
0.949878           -0.340444                   
0.967264           -0.280528                   
0.980912           -0.219528                   
0.990747           -0.157675                   
0.996708          -0.0952047                   
0.998749          -0.0323603                   
0.996839           0.0306121                   
0.990961           0.0934627                   
0.981116            0.155939                   
0.96732            0.217788                   
0.949607            0.278754                   
0.928027            0.338586                   
0.902646             0.39703                   
0.873549             0.45384                   
0.840837            0.508772                   
0.804627            0.561588                   
0.765056            0.612057                   
0.722273            0.659957                   
0.676445            0.705075                   
0.627754            0.747209                   
0.576397            0.786169                   
0.522584            0.821779                   
0.466537            0.853877                   
0.408491            0.882315                   
0.34869            0.906964                   
0.287389            0.927709                   
0.224849            0.944457                   
0.161339             0.95713                   
0.0971326            0.965671                   
0.0325068            0.970042                   
-0.0322593            0.970225                   
-0.0968863            0.966221                   
-0.161095            0.958051                   
-0.224611            0.945756                   
-0.287161            0.929396                   
-0.34848             0.90905                   
-0.408308            0.884815                   
-0.466393            0.856804                   
-0.522496            0.825151                   
-0.576384                0.79                   
-0.627839            0.751515                   
-0.676655             0.70987                   
-0.722638            0.665254                   
-0.765611            0.617867                   
-0.80541            0.567918                   
-0.841887            0.515627                   
-0.87491             0.46122                   
-0.904362            0.404931                   
-0.930145            0.346999                   
-0.952175            0.287667                   
-0.970385            0.227181                   
-0.984725            0.165789                   
-0.995161            0.103739                   
-1.00168           0.0412807                   
-1.00426          -0.0213393                   
-1.00294          -0.0838763                   
-0.997735           -0.146088                   
-0.988687           -0.207738                   
-0.975854           -0.268592                   
-0.959305           -0.328424                   
-0.939124           -0.387012                   
-0.915404           -0.444142                   
-0.888254           -0.499607                   
-0.85779           -0.553209                   
-0.824143           -0.604757                   
-0.787449            -0.65407                   
-0.747857           -0.700976                   
-0.705523           -0.745312                   
-0.660613           -0.786927                   
-0.613299           -0.825677                   
-0.563759           -0.861431                   
-0.512179           -0.894068                   
-0.458751           -0.923479                   
-0.403671           -0.949565                   
-0.347141           -0.972237                   
-0.289365           -0.991422                   
-0.230551            -1.00705                   
-0.170913            -1.01908                   
-0.110663            -1.02746                   
-0.0500166            -1.03216                   
0.0108084            -1.03317                   
0.0715947            -1.03049                   
0.132125            -1.02411                   
0.192181            -1.01406                   
0.251547            -1.00037                   
0.310008           -0.983081                   
0.367352           -0.962248                   
0.423368           -0.937939                   
0.477851           -0.910232                   
0.530598           -0.879218                   
0.58141           -0.844999                   
0.630095           -0.807688                   
0.676467           -0.767411                   
0.720343           -0.724304                   
0.761552           -0.678514                   
0.799928             -0.6302                   
0.835313           -0.579531                   
0.86756           -0.526684                   
0.896531           -0.471848                   
0.922098           -0.415221                   
0.944146           -0.357009                   
0.962569           -0.297426                   
0.977276           -0.236695                   
