#x                 y 
1                   0                   
0.998026           0.0628319                   
0.992112            0.125416                   
0.982282            0.187504                   
0.968573            0.248853                   
0.951042            0.309219                   
0.929756            0.368365                   
0.904801            0.426056                   
0.876274            0.482066                   
0.84429            0.536174                   
0.808973            0.588166                   
0.770465            0.637837                   
0.728918            0.684992                   
0.684495            0.729445                   
0.637372            0.771021                   
0.587736            0.809556                   
0.535782            0.844899                   
0.481716            0.876911                   
0.425751            0.905467                   
0.368108            0.930454                   
0.309015            0.951774                   
0.248704            0.969345                   
0.187414            0.983097                   
0.125385            0.992978                   
0.0628628            0.998949                   
9.30563e-05             1.00099                   
-0.0626771            0.999084                   
-0.1252             0.99325                   
-0.187231            0.983508                   
-0.248526            0.969897                   
-0.308842            0.952471                   
-0.367944            0.931299                   
-0.4256            0.906465                   
-0.481582            0.878068                   
-0.535672            0.846219                   
-0.587656            0.811045                   
-0.637331            0.772684                   
-0.684502            0.731287                   
-0.728985            0.687018                   
-0.770604             0.64005                   
-0.809196            0.590569                   
-0.844612            0.538768                   
-0.87671            0.484852                   
-0.905367            0.429033                   
-0.93047            0.371529                   
-0.95192            0.312567                   
-0.969634            0.252378                   
-0.983542            0.191199                   
-0.99359            0.129269                   
-0.999739           0.0668316                   
-1.00196           0.0041321                   
-1.00026          -0.0585837                   
-0.994623            -0.12107                   
-0.985086            -0.18308                   
-0.971683           -0.244372                   
-0.954467           -0.304705                   
-0.933504           -0.363842                   
-0.908876           -0.421551                   
-0.880681           -0.477605                   
-0.849028           -0.531784                   
-0.814041           -0.583875                   
-0.775858           -0.633673                   
-0.734628           -0.680982                   
-0.690512           -0.725617                   
-0.643684           -0.767401                   
-0.594328           -0.806171                   
-0.542635           -0.841773                   
-0.488811           -0.874066                   
-0.433065           -0.902924                   
-0.375616           -0.928233                   
-0.316691           -0.949892                   
-0.25652           -0.967815                   
-0.19534           -0.981932                   
-0.133392           -0.992185                   
-0.0709192           -0.998535                   
-0.00816704            -1.00096                   
0.0546173           -0.999435                   
0.117187           -0.993981                   
0.179294           -0.984612                   
0.240696           -0.971366                   
0.30115           -0.954294                   
0.360417           -0.933462                   
0.418264           -0.908951                   
0.474462           -0.880859                   
0.528791           -0.849294                   
0.581034           -0.814381                   
0.630987           -0.776257                   
0.678451           -0.735072                   
0.723239           -0.690987                   
0.765175           -0.644177                   
0.804091           -0.594825                   
0.839835           -0.543126                   
0.872265           -0.489285                   
0.901253           -0.433512                   
0.926684           -0.376028                   
0.948457            -0.31706                   
0.966486           -0.256841                   
0.9807           -0.195608                   
0.991043           -0.133602                   
0.997473          -0.0710695                   
0.999966         -0.00825605                   
0.998511             0.05459                   
0.993113             0.11722                   
0.983796            0.179388                   
0.970594            0.240848                   
0.953562            0.301357                   
0.932765            0.360676                   
0.908286            0.418572                   
0.880223            0.474815                   
0.848686            0.529185                   
0.8138            0.581467                   
0.775703            0.631454                   
0.734546            0.678951                   
0.690492            0.723769                   
0.643714            0.765732                   
0.594397            0.804676                   
0.542737            0.840446                   
0.488936            0.872904                   
0.433209             0.90192                   
0.375774            0.927382                   
0.316859            0.949189                   
0.256695            0.967257                   
0.19552            0.981515                   
0.133575            0.991907                   
0.071104            0.998394                   
0.00835312             1.00095                   
-0.0544307            0.999565                   
-0.117            0.994247                   
-0.179109            0.985017                   
-0.240514            0.971912                   
-0.300973            0.954984                   
-0.360248            0.934301                   
-0.418106            0.909944                   
-0.474321            0.882009                   
-0.528671            0.850608                   
-0.580944            0.815864                   
-0.630934            0.777914                   
-0.678445            0.736908                   
-0.723292            0.693007                   
-0.765297            0.646384                   
-0.804296            0.597223                   
-0.840138            0.545716                   
-0.872681            0.492067                   
-0.901797            0.436486                   
-0.927373            0.379191                   
-0.949309            0.320408                   
-0.967519            0.260367                   
-0.981932            0.199304                   
-0.99249             0.13746                   
-0.999153           0.0750751                   
-1.0019            0.012396                   
-1.00071          -0.0503317                   
-0.995588           -0.112862                   
-0.986563           -0.174949                   
-0.973666            -0.23635                   
-0.956948           -0.296823                   
-0.936474           -0.356131                   
-0.912323            -0.41404                   
-0.884591           -0.470325                   
-0.853386           -0.524763                   
-0.818831           -0.577141                   
-0.78106           -0.627252                   
-0.740221             -0.6749                   
-0.696476           -0.719897                   
-0.649994           -0.762067                   
-0.600959           -0.801242                   
-0.549562           -0.837269                   
-0.496006           -0.870006                   
-0.4405           -0.899323                   
-0.383263           -0.925104                   
-0.324518           -0.947248                   
-0.264497           -0.965667                   
-0.203436           -0.980288                   
-0.141575           -0.991053                   
-0.0791565           -0.997918                   
-0.0164266            -1.00086                   
0.046368           -0.999854                   
0.10898           -0.994916                   
0.171163           -0.986061                   
0.232672           -0.973322                   
0.293264           -0.956749                   
0.352701           -0.936406                   
0.410748           -0.912374                   
0.467176           -0.884747                   
0.521763           -0.853631                   
0.574293           -0.819151                   
0.624559            -0.78144                   
0.672361           -0.740648                   
0.717512           -0.696935                   
0.759832           -0.650472                   
0.799154           -0.601443                   
0.835324           -0.550042                   
0.868197           -0.496469                   
0.897644           -0.440938                   
0.923549           -0.383666                   
0.945808            -0.32488                   
0.964333           -0.264812                   
0.979052           -0.203698                   
0.989907            -0.14178                   
0.996853          -0.0793022                   
0.999864          -0.0165115                   
0.998927           0.0463444                   
0.994047            0.109017                   
0.985243             0.17126                   
0.972549            0.232826                   
0.956016            0.293474                   
0.93571            0.352963                   
0.91171            0.411058                   
0.884112            0.467532                   
0.853025             0.52216                   
0.818572            0.574728                   
0.780889            0.625029                   
0.740125            0.672863                   
0.696442            0.718043                   
0.650011            0.760391                   
0.601018             0.79974                   
0.549654            0.835936                   
0.496124            0.868837                   
0.440638            0.898312                   
0.383415            0.924247                   
0.324681             0.94654                   
0.264669            0.965104                   
0.203613            0.979866                   
0.141756            0.990769                   
0.0793404            0.997771                   
0.0166126             1.00084                   
-0.0461806            0.999978                   
-0.108792            0.995177                   
-0.170975             0.98646                   
-0.232486            0.973862                   
-0.293083            0.957433                   
-0.352526            0.937239                   
-0.410584            0.913361                   
-0.467027            0.885891                   
-0.521635            0.854939                   
-0.574193            0.820627                   
-0.624494            0.783091                   
-0.672342            0.742478                   
-0.717549            0.698949                   
-0.759938            0.652674                   
-0.799342            0.603836                   
-0.835607            0.552627                   
-0.868591            0.499248                   
-0.898165            0.443909                   
-0.924213            0.386827                   
-0.946634            0.328227                   
-0.965338            0.268338                   
-0.980254            0.207396                   
-0.991322            0.145641                   
-0.9985           0.0833134                   
-1.00176           0.0206591                   
-1.00109          -0.0420763                   
-0.996485           -0.104647                   
-0.987973           -0.166806                   
-0.975583           -0.228311                   
-0.959364            -0.28892                   
-0.93938           -0.348395                   
-0.915708           -0.406502                   
-0.888441           -0.463013                   
-0.857687           -0.517707                   
-0.823564           -0.570368                   
-0.786208           -0.620789                   
-0.745764           -0.668772                   
-0.702392           -0.714129                   
-0.65626            -0.75668                   
-0.607549           -0.796258                   
-0.556452           -0.832708                   
-0.503168           -0.865885                   
-0.447906           -0.895659                   
-0.390883           -0.921912                   
-0.332323            -0.94454                   
-0.272456           -0.963454                   
-0.211518           -0.978578                   
-0.149748           -0.989853                   
-0.0873885           -0.997233                   
-0.0246851            -1.00069                   
0.0381155             -1.0002                   
0.100766           -0.995784                   
0.16302           -0.987442                   
0.224631           -0.975211                   
0.285358           -0.959138                   
0.344961           -0.939287                   
0.403204           -0.915735                   
0.459859           -0.888574                   
0.5147            -0.85791                   
0.567513           -0.823865                   
0.618088            -0.78657                   
0.666225           -0.746174                   
0.711735           -0.702835                   
0.754437           -0.656723                   
0.794163           -0.608021                   
0.830756           -0.556919                   
0.86407            -0.50362                   
0.893974           -0.448334                   
0.92035           -0.391278                   
0.943094           -0.332678                   
0.962115           -0.272764                   
0.977338           -0.211774                   
0.988703           -0.149948                   
0.996164          -0.0875296                   
0.999693          -0.0247659                   
0.999276           0.0380956                   
0.994913            0.100807                   
0.986623             0.16312                   
0.974438            0.224789                   
0.958406            0.285571                   
0.938591            0.345225                   
0.915072            0.403517                   
0.887941            0.460217                   
0.857306              0.5151                   
0.823287             0.56795                   
0.786021             0.61856                   
0.745653            0.666729                   
0.702344            0.712269                   
0.656265            0.754998                   
0.607598            0.794751                   
0.556535             0.83137                   
0.503277            0.864711                   
0.448036            0.894643                   
0.391029            0.921049                   
0.332482            0.943826                   
0.272624            0.962885                   
0.211692             0.97815                   
0.149927            0.989564                   
0.0875714             0.99708                   
0.0248709             1.00067                   
-0.0379274             1.00032                   
-0.100577            0.996039                   
-0.16283            0.987835                   
-0.224443            0.975745                   
-0.285173            0.959817                   
-0.344781            0.940114                   
-0.403034            0.916715                   
-0.459702            0.889712                   
-0.514564            0.859212                   
-0.567403            0.825335                   
-0.618012            0.788215                   
-0.666194            0.747998                   
-0.711758            0.704843                   
-0.754527             0.65892                   
-0.794333            0.610408                   
-0.831019              0.5595                   
-0.864443            0.506395                   
-0.894472            0.451302                   
-0.920991            0.394437                   
-0.943894            0.336023                   
-0.963092            0.276291                   
-0.97851            0.215474                   
-0.990087            0.153812                   
-0.997779            0.091546                   
-1.00155           0.0289207                   
-1.0014          -0.0338181                   
-0.997315          -0.0964241                   
-0.989316           -0.158652                   
-0.977434           -0.220257                   
-0.961715           -0.280997                   
-0.942222           -0.340635                   
-0.91903           -0.398935                   
-0.892231            -0.45567                   
-0.861929           -0.510615                   
-0.828242           -0.563556                   
-0.791303           -0.614283                   
-0.751257           -0.662598                   
-0.70826           -0.708311                   
-0.66248           -0.751242                   
-0.614098           -0.791221                   
-0.563303           -0.828091                   
-0.510295           -0.861706                   
-0.45528           -0.891935                   
-0.398476           -0.918658                   
-0.340105           -0.941768                   
-0.280397           -0.961175                   
-0.219586           -0.976802                   
-0.157911           -0.988586                   
-0.0956145            -0.99648                   
-0.0329419            -1.00045                   
0.0298604            -1.00049                   
0.0925451           -0.996583                   
0.154865           -0.988755                   
0.216576           -0.977033                   
0.277433           -0.961463                   
0.337198           -0.942104                   
0.395633           -0.919034                   
0.45251           -0.892341                   
0.507602           -0.862131                   
0.560694           -0.828522                   
0.611575           -0.791647                   
0.660044           -0.751649                   
0.70591           -0.708687                   
0.748991            -0.66293                   
0.789118           -0.614557                   
0.826131           -0.563759                   
0.859884           -0.510737                   
0.890243           -0.455699                   
0.917089           -0.398863                   
0.940316           -0.340453                   
0.959831           -0.280698                   
0.975556           -0.219836                   
0.987431           -0.158105                   
0.995408           -0.095751                   
0.999455          -0.0330186                   
0.999556           0.0298442                   
0.995711           0.0925892                   
0.987936            0.154969                   
0.97626            0.216736                   
0.96073            0.277648                   
0.941409            0.337465                   
0.918371            0.395949                   
0.891709             0.45287                   
0.861528            0.508004                   
0.827947            0.561134                   
0.791099             0.61205                   
0.751131             0.66055                   
0.708199            0.706446                   
0.662474            0.749554                   
0.614136            0.789707                   
0.563377            0.826746                   
0.510397            0.860526                   
0.455404            0.890913                   
0.398617            0.917789                   
0.340259            0.941048                   
0.280561              0.9606                   
0.219757            0.976368                   
0.158088            0.988291                   
0.0957963            0.996322                   
0.0331275             1.00043                   
-0.0296717              1.0006                   
-0.0923541            0.996833                   
-0.154673            0.989143                   
-0.216384            0.977562                   
-0.277243            0.962135                   
-0.337012            0.942925                   
-0.395456            0.920007                   
-0.452346            0.893473                   
-0.507457            0.863426                   
-0.560574            0.829986                   
-0.611488            0.793285                   
-0.66            0.753467                   
-0.705919            0.710689                   
-0.749065             0.66512                   
-0.78927            0.616939                   
-0.826375            0.566335                   
-0.860236            0.513507                   
-0.890719            0.458664                   
-0.917705            0.402019                   
-0.941089            0.343797                   
-0.96078            0.284225                   
-0.976699            0.223538                   
-0.988784            0.161973                   
-0.99699           0.0997725                   
-1.00128           0.0371804                   
-1.00164          -0.0255575                   
-0.998076          -0.0881952                   
-0.990591           -0.150487                   
-0.979217           -0.212188                   
-0.964001           -0.273056                   
-0.945           -0.332852                   
-0.922291           -0.391342                   
-0.89596           -0.448295                   
-0.866112           -0.503489                   
-0.832863           -0.556705                   
-0.796344           -0.607736                   
-0.756698            -0.65638                   
-0.71408           -0.702446                   
-0.668656           -0.745752                   
-0.620606           -0.786129                   
-0.570117           -0.823417                   
-0.517387           -0.857469                   
-0.462624            -0.88815                   
-0.406043           -0.915341                   
-0.347865           -0.938932                   
-0.288319           -0.958831                   
-0.227639           -0.974959                   
-0.166063           -0.987251                   
-0.103834           -0.995659                   
-0.0411965            -1.00015                   
0.0216032             -1.0007                   
0.0843179           -0.997315                   
0.146701           -0.990002                   
0.208506           -0.978789                   
0.269489           -0.963722                   
0.329411           -0.944857                   
0.388035           -0.922269                   
0.44513           -0.896047                   
0.50047           -0.866293                   
0.553837           -0.833124                   
0.60502           -0.796669                   
0.653818           -0.757073                   
0.700037           -0.714491                   
0.743494           -0.669091                   
0.784018           -0.621051                   
0.821449           -0.570561                   
0.855639           -0.517819                   
0.886452           -0.463034                   
0.913766           -0.406421                   
0.937474           -0.348204                   
0.957481           -0.288613                   
0.973709           -0.227882                   
0.986092           -0.166252                   
0.994584           -0.103966                   
0.999148           -0.041269                   
0.999768           0.0215908                   
0.996441           0.0843654                   
0.989181            0.146807                   
0.978016            0.208669                   
0.962989            0.269707                   
0.944162            0.329681                   
0.921608            0.388353                   
0.895416            0.445493                   
0.865691            0.500874                   
0.83255            0.554279                   
0.796124            0.605497                   
0.756557            0.654326                   
0.714005            0.700574                   
0.668637            0.744059                   
0.620633             0.78461                   
0.570181            0.822066                   
0.517481            0.856282                   
0.462741            0.887122                   
0.406178            0.914466                   
0.348014            0.938206                   
0.288478             0.95825                   
0.227807            0.974519                   
0.166238             0.98695                   
0.104015            0.995495                   
0.0413818             1.00012                   
-0.021414             1.00081                   
-0.0841255            0.997559                   
-0.146506            0.990383                   
-0.20831            0.979312                   
-0.269295            0.964388                   
-0.329221            0.945672                   
-0.387852            0.923237                   
-0.444958            0.897173                   
-0.500316            0.867582                   
-0.553707            0.834581                   
-0.604922            0.798301                   
-0.653761            0.758885                   
-0.700031            0.716487                   
-0.743552            0.671276                   
-0.784153            0.623428                   
-0.821675            0.573131                   
-0.85597            0.520585                   
-0.886905            0.465995                   
-0.914357            0.409575                   
-0.938221            0.351547                   
-0.958402             0.29214                   
-0.974821            0.231586                   
-0.987415            0.170123                   
-0.996133            0.107992                   
-1.00094           0.0454376                   
-1.00182          -0.0172952                   
-0.99877          -0.0799602                   
-0.991799           -0.142311                   
-0.980935           -0.204104                   
-0.966221           -0.265095                   
-0.947714           -0.325046                   
-0.925488           -0.383721                   
-0.899628            -0.44089                   
-0.870237           -0.496328                   
-0.837428           -0.549817                   
-0.801331           -0.601147                   
-0.762088           -0.650116                   
-0.719851           -0.696532                   
-0.674786           -0.740212                   
-0.627071           -0.780984                   
-0.576891           -0.818687                   
-0.524445           -0.853173                   
-0.469937           -0.884305                   
-0.413582           -0.911961                   
-0.3556           -0.936032                   
-0.296221           -0.956421                   
-0.235676           -0.973049                   
-0.174204           -0.985849                   
-0.112047            -0.99477                   
-0.0494483           -0.999777                   
0.0133446            -1.00085                   
0.0760849           -0.997979                   
0.138526           -0.991181                   
0.200421           -0.980479                   
0.261527           -0.965915                   
0.321602           -0.947545                   
0.380411           -0.925442                   
0.43772           -0.899692                   
0.493303           -0.870396                   
0.546942           -0.837668                   
0.598425           -0.801638                   
0.647547           -0.762446                   
0.694116           -0.720247                   
0.737946           -0.675207                   
0.778866           -0.627503                   
0.816712           -0.577323                   
0.851336           -0.524866                   
0.8826           -0.470337                   
0.91038           -0.413951                   
0.934568           -0.355932                   
0.955066           -0.296508                   
0.971794           -0.235914                   
0.984687           -0.174388                   
0.993691           -0.112174                   
0.998773          -0.0495166                   
0.999912            0.013336                   
0.997104           0.0761359                   
0.990359            0.138635                   
0.979704            0.200587                   
0.965183            0.261747                   
0.946851            0.321875                   
0.924782            0.380731                   
0.899063            0.438085                   
0.869796             0.49371                   
0.837096            0.547387                   
0.801094            0.598904                   
0.761931            0.648058                   
0.719763            0.694656                   
0.674755            0.738513                   
0.627087            0.779459                   
0.576946             0.81733                   
0.52453             0.85198                   
0.470047            0.883271                   
0.413711            0.911081                   
0.355744              0.9353                   
0.296377            0.955835                   
0.235841            0.972604                   
0.174377            0.985543                   
0.112226            0.994601                   
0.0496333            0.999743                   
-0.0131548             1.00095                   
-0.0758911            0.998217                   
-0.138329            0.991557                   
-0.200222            0.980995                   
-0.261328            0.966575                   
-0.321406            0.948354                   
-0.380221            0.926404                   
-0.437541            0.900811                   
-0.49314            0.871678                   
-0.546802            0.839119                   
-0.598315            0.803263                   
-0.647477            0.764251                   
-0.694096            0.722237                   
-0.737989            0.677385                   
-0.778983            0.629874                   
-0.816918            0.579889                   
-0.851646            0.527627                   
-0.88303            0.473294                   
-0.910947            0.417102                   
-0.935289            0.359274                   
-0.955959            0.300035                   
-0.972878            0.239618                   
-0.985978            0.178261                   
-0.995208            0.116204                   
-1.00053           0.0536917                   
-1.00193         -0.00903174                   
-0.999396          -0.0717197                   
-0.992939           -0.134126                   
-0.982585           -0.196006                   
-0.968375           -0.257117                   
-0.950364           -0.317219                   
-0.928622           -0.376075                   
-0.903235           -0.433455                   
-0.874302           -0.489133                   
-0.841936           -0.542891                   
-0.806264           -0.594517                   
-0.767426           -0.643809                   
-0.725573           -0.690571                   
-0.680871           -0.734621                   
-0.633493           -0.775785                   
-0.583627           -0.813901                   
-0.531467           -0.848818                   
-0.477217             -0.8804                   
-0.421092            -0.90852                   
-0.363312           -0.933068                   
-0.304102           -0.953947                   
-0.243697           -0.971073                   
-0.182333            -0.98438                   
-0.120252           -0.993814                   
-0.0576968           -0.999337                   
0.00508499            -1.00093                   
0.0678468           -0.998575                   
0.130341           -0.992292                   
0.192323           -0.982101                   
0.253547           -0.968042                   
0.313771           -0.950169                   
0.37276           -0.928552                   
0.430279           -0.903276                   
0.486103            -0.87444                   
0.54001           -0.842156                   
0.591788           -0.806551                   
0.641232           -0.767766                   
0.688148           -0.725953                   
0.732348           -0.681276                   
0.77366           -0.633912                   
0.811919           -0.584047                   
0.846974           -0.531876                   
0.878687           -0.477607                   
0.906932           -0.421453                   
0.931598           -0.363636                   
0.952586           -0.304383                   
0.969814           -0.243929                   
0.983214           -0.182512                   
0.992732           -0.120374                   
0.998331          -0.0577608                   
0.999988           0.0050802                   
0.997698           0.0679012                   
0.991469            0.130454                   
0.981327            0.192492                   
0.96731             0.25377                   
0.949475            0.314046                   
0.927893            0.373083                   
0.902648            0.430647                   
0.873841            0.486512                   
0.841586            0.540457                   
0.80601            0.592269                   
0.767254            0.641745                   
0.725471            0.688689                   
0.680828            0.732917                   
0.633499            0.774255                   
0.583672            0.812539                   
0.531543             0.84762                   
0.47732             0.87936                   
0.421215            0.907633                   
0.363451            0.932331                   
0.304254            0.953354                   
0.243859            0.970623                   
0.182504            0.984068                   
0.12043            0.993639                   
0.0578814            0.999297                   
-0.00489476             1.00102                   
-0.0676516            0.998807                   
-0.130142            0.992662                   
-0.192121            0.982612                   
-0.253344            0.968697                   
-0.313571            0.950972                   
-0.372564            0.929507                   
-0.430093            0.904389                   
-0.485932            0.875715                   
-0.53986              0.8436                   
-0.591667             0.80817                   
-0.64115            0.769565                   
-0.688114            0.727937                   
-0.732375            0.683449                   
-0.77376            0.636277                   
-0.812106            0.586607                   
-0.847264            0.534633                   
-0.879095            0.480561                   
-0.907475            0.424601                   
-0.932293            0.366975                   
-0.953452            0.307909                   
-0.970868            0.247634                   
-0.984473            0.186387                   
-0.994215            0.124409                   
-1.00006           0.0619421                   
-1.00197        -0.000767655                   
-0.999953          -0.0634744                   
-0.994012           -0.125932                   
-0.984169           -0.187895                   
-0.970463           -0.249121                   
-0.952949           -0.309369                   
-0.931693           -0.368403                   
-0.90678           -0.425991                   
-0.878308           -0.481906                   
-0.846386           -0.535929                   
-0.811142           -0.587847                   
-0.772711           -0.637457                   
-0.731246           -0.684564                   
-0.686909           -0.728981                   
-0.639873           -0.770534                   
-0.590322            -0.80906                   
-0.538452           -0.844407                   
-0.484466           -0.876434                   
-0.428575           -0.905016                   
-0.370999            -0.93004                   
-0.311964           -0.951407                   
-0.251702           -0.969031                   
-0.19045           -0.982844                   
-0.128448            -0.99279                   
-0.0659414           -0.998829                   
-0.00317497            -1.00094                   
0.0596039           -0.999103                   
0.122148           -0.993336                   
0.184211           -0.983657                   
0.245549           -0.970104                   
0.305919           -0.952728                   
0.365084           -0.931599                   
0.42281           -0.906799                   
0.47887           -0.878424                   
0.533041           -0.846586                   
0.585111            -0.81141                   
0.634874           -0.773034                   
0.682132            -0.73161                   
0.7267             -0.6873                   
0.768401           -0.640278                   
0.807071            -0.59073                   
0.842556           -0.538851                   
0.874715           -0.484846                   
0.903423           -0.428927                   
0.928565           -0.371315                   
0.950041           -0.312237                   
0.967768           -0.251927                   
0.981674           -0.190623                   
0.991704           -0.128566                   
0.99782          -0.0660011                   
0.999996         -0.00317592                   
0.998225           0.0596618                   
0.992512            0.122264                   
0.982882            0.184384                   
0.969372            0.245775                   
0.952035            0.306197                   
0.93094             0.36541                   
0.906172             0.42318                   
0.877827            0.479281                   
0.846018             0.53349                   
0.810871            0.585595                   
0.772524            0.635389                   
0.731131            0.682676                   
0.686853            0.727271                   
0.639867            0.768998                   
0.590358            0.807692                   
0.538521            0.843202                   
0.484561            0.875388                   
0.428691            0.904124                   
0.371133            0.929297                   
0.312111            0.950809                   
0.251861            0.968575                   
0.190618            0.982527                   
0.128625            0.992609                   
0.0661255            0.998784                   
0.00336558             1.00103                   
-0.0594076            0.999329                   
-0.121947              0.9937                   
-0.184007            0.984162                   
-0.245342            0.970752                   
-0.305713            0.953525                   
-0.364882            0.932548                   
-0.422617            0.907905                   
-0.47869            0.879693                   
-0.532882            0.848024                   
-0.584979            0.813022                   
-0.634779            0.774827                   
-0.682085            0.733587                   
-0.726712            0.689466                   
-0.768484            0.642637                   
-0.807239            0.593285                   
-0.842825            0.541603                   
-0.875101            0.487795                   
-0.903942            0.432072                   
-0.929234            0.374652                   
-0.950879            0.315762                   
-0.968792            0.255633                   
-0.982902            0.194501                   
-0.993155            0.132605                   
-0.99951           0.0701883                   
-1.00194          0.00749649                   
-1.00044          -0.0552247                   
-0.995017           -0.117729                   
-0.985686           -0.179772                   
-0.972486           -0.241109                   
-0.955469           -0.301499                   
-0.934701           -0.360706                   
-0.910264           -0.418497                   
-0.882254           -0.474645                   
-0.850779            -0.52893                   
-0.815964           -0.581137                   
-0.777944           -0.631062                   
-0.736869           -0.678509                   
-0.6929           -0.723291                   
-0.646208           -0.765231                   
-0.596978           -0.804164                   
-0.545401           -0.839937                   
-0.491681           -0.872409                   
-0.436028           -0.901451                   
-0.37866           -0.926949                   
-0.319804           -0.948802                   
-0.259689           -0.966924                   
-0.198553           -0.981241                   
-0.136636           -0.991698                   
-0.0741815           -0.998252                   
-0.0114347            -1.00088                   
0.051357           -0.999563                   
0.113947           -0.994312                   
0.176087           -0.985146                   
0.237535           -0.972099                   
0.298046           -0.955223                   
0.357383           -0.934582                   
0.415312           -0.910259                   
0.471604           -0.882348                   
0.526036           -0.850958                   
0.578394           -0.816213                   
0.628472            -0.77825                   
0.676071           -0.737217                   
0.721003           -0.693276                   
0.763091             -0.6466                   
0.802168           -0.597373                   
0.838079           -0.545789                   
0.870684           -0.492051                   
0.899852           -0.436371                   
0.925468           -0.378969                   
0.947432            -0.32007                   
0.965655           -0.259909                   
0.980067           -0.198721                   
0.990609           -0.136749                   
0.997241          -0.0742369                   
0.999936          -0.0114318                   
0.998683           0.0514184                   
0.993488            0.114066                   
0.98437            0.176263                   
0.971367            0.237764                   
0.95453            0.298326                   
0.933925            0.357711                   
0.909633            0.415685                   
0.881752            0.472017                   
0.850392            0.526488                   
0.815676             0.57888                   
0.777742            0.628989                   
0.73674            0.676617                   
0.692832            0.721576                   
0.646192            0.763689                   
0.597003             0.80279                   
0.545461            0.838727                   
0.491769            0.871357                   
0.436138            0.900554                   
0.378789            0.926201                   
0.319947            0.948199                   
0.259845            0.966462                   
0.19872            0.980918                   
0.136812            0.991512                   
0.074365            0.998202                   
0.0116257             1.00096                   
-0.0511595            0.999784                   
-0.113743            0.994671                   
-0.17588            0.985645                   
-0.237324            0.972741                   
-0.297835            0.956013                   
-0.357175            0.935525                   
-0.415111            0.911359                   
-0.471415             0.88361                   
-0.525867            0.852389                   
-0.578252            0.817819                   
-0.628365            0.780035                   
-0.676009            0.739188                   
-0.720999            0.695436                   
-0.763156            0.648954                   
-0.802317            0.599923                   
-0.838328            0.548536                   
-0.871047            0.494996                   
-0.900346            0.439512                   
-0.926112            0.382304                   
-0.948242            0.323594                   
-0.96665            0.263615                   
-0.981264            0.202601                   
-0.992028            0.140792                   
-0.998898           0.0784297                   
-1.00185           0.0157601                   
-1.00086          -0.0469713                   
-0.995955           -0.109518                   
-0.987135           -0.171636                   
-0.974442           -0.233079                   
-0.957924           -0.293608                   
-0.937645           -0.352984                   
-0.913686           -0.410975                   
-0.88614           -0.467352                   
-0.855114           -0.521894                   
-0.820731           -0.574387                   
-0.783125           -0.624625                   
-0.742443           -0.672409                   
-0.698844           -0.717551                   
-0.6525           -0.759875                   
-0.603592           -0.799213                   
-0.552313           -0.835411                   
-0.498862           -0.868324                   
-0.443451           -0.897825                   
-0.386296           -0.923795                   
-0.327622           -0.946133                   
-0.267659            -0.96475                   
-0.206644           -0.979571                   
-0.144815           -0.990539                   
-0.0824166           -0.997608                   
-0.0196937            -1.00075                   
0.0431066           -0.999955                   
0.105737           -0.995221                   
0.167951           -0.986567                   
0.229504           -0.974028                   
0.290153           -0.957652                   
0.349658           -0.937502                   
0.407785           -0.913658                   
0.464305           -0.886212                   
0.518995           -0.855273                   
0.571638           -0.820961                   
0.622027           -0.783412                   
0.669963           -0.742774                   
0.715256           -0.699205                   
0.757728           -0.652878                   
0.79721           -0.603976                   
0.833546            -0.55269                   
0.866592           -0.499223                   
0.896219           -0.443785                   
0.922308           -0.386596                   
0.944757           -0.327882                   
0.963477           -0.267872                   
0.978393           -0.206806                   
0.989446           -0.144923                   
