eigenstate1         eigenstate2         eigenstate3           rotations                time      ofdiagonal sum     number of steps
0.00190493          -0.0038057         -0.00570625              172013             3.93178         5.87571e-10                 175
0.00380925         -0.00760654          -0.0113961
0.00571236          -0.0113977          -0.0170533
0.00761364          -0.0151743          -0.0226617
0.00951249          -0.0189316           -0.028205
0.0114083          -0.0226647          -0.0336674
0.0133005          -0.0263689          -0.0390333
0.0151884          -0.0300395          -0.0442872
0.0170714          -0.0336717          -0.0494141
0.0189491          -0.0372611          -0.0543993
0.0208206          -0.0408029          -0.0592285
0.0226855          -0.0442926          -0.0638878
0.0245432          -0.0477259          -0.0683639
0.026393          -0.0510983          -0.0726439
0.0282344          -0.0544056          -0.0767156
0.0300667          -0.0576434          -0.0805672
0.0318895          -0.0608077          -0.0841878
0.033702          -0.0638945          -0.0875669
0.0355038          -0.0668998          -0.0906949
0.0372943          -0.0698197          -0.0935628
0.0390728          -0.0726506          -0.0961624
0.0408388          -0.0753889          -0.0984861
0.0425918           -0.078031           -0.100527
0.0443312          -0.0805736            -0.10228
0.0460565          -0.0830134            -0.10374
0.047767          -0.0853473           -0.104902
0.0494622          -0.0875724           -0.105764
0.0511417          -0.0896858           -0.106321
0.0528048          -0.0916849           -0.106575
0.054451           -0.093567           -0.106522
0.0560798          -0.0953297           -0.106164
0.0576908          -0.0969709           -0.105501
0.0592833          -0.0984884           -0.104536
0.0608568          -0.0998803           -0.103271
0.0624109           -0.101145            -0.10171
0.0639451            -0.10228          -0.0998571
0.0654588           -0.103285           -0.097718
0.0669517           -0.104159          -0.0952985
0.0684231           -0.104899          -0.0926058
0.0698727           -0.105506          -0.0896474
0.0713           -0.105978           -0.086432
0.0727045           -0.106315          -0.0829687
0.0740858           -0.106517          -0.0792675
0.0754434           -0.106583          -0.0753389
0.076777           -0.106512          -0.0711943
0.078086           -0.106306          -0.0668455
0.0793701           -0.105965           -0.062305
0.0806288           -0.105488          -0.0575858
0.0818618           -0.104876          -0.0527015
0.0830686           -0.104131           -0.047666
0.0842489           -0.103254          -0.0424939
0.0854023           -0.102244          -0.0371999
0.0865285           -0.101104          -0.0317992
0.087627          -0.0998354          -0.0263073
0.0886975          -0.0984393            -0.02074
0.0897398          -0.0969177          -0.0151132
0.0907533          -0.0952725         -0.00944301
0.0917379          -0.0935058         -0.00374579
0.0926933          -0.0916198          0.00196218
0.093619          -0.0896171          0.00766451
0.0945149          -0.0875001           0.0133449
0.0953805          -0.0852715            0.018987
0.0962158          -0.0829342           0.0245746
0.0970203          -0.0804912           0.0300918
0.0977939          -0.0779455           0.0355227
0.0985363          -0.0753005           0.0408517
0.0992472          -0.0725594           0.0460635
0.0999264          -0.0697258           0.0511433
0.100574          -0.0668034           0.0560765
0.101189          -0.0637957           0.0608488
0.101772          -0.0607068           0.0654466
0.102323          -0.0575404           0.0698568
0.10284          -0.0543007           0.0740667
0.103326          -0.0509917           0.0780641
0.103778          -0.0476178           0.0818378
0.104197          -0.0441831           0.0853768
0.104582          -0.0406921           0.0886709
0.104935          -0.0371493           0.0917108
0.105254          -0.0335591           0.0944878
0.105539          -0.0299261           0.0969938
0.105791          -0.0262549           0.0992217
0.106009          -0.0225503            0.101165
0.106193          -0.0188169            0.102818
0.106344          -0.0150596            0.104177
0.10646          -0.0112831            0.105237
0.106543         -0.00749213            0.105995
0.106591         -0.00369166            0.106449
0.106606         0.000113516            0.106598
0.106586          0.00391855            0.106441
0.106533          0.00771859            0.105979
0.106446           0.0115088            0.105214
0.106324           0.0152843            0.104146
0.106169           0.0190404             0.10278
0.10598           0.0227722             0.10112
0.105758           0.0264749           0.0991691
0.105501           0.0301439           0.0969342
0.105211           0.0337745           0.0944214
0.104888           0.0373621           0.0916379
0.104531           0.0409021           0.0885916
0.10414           0.0443899           0.0852914
0.103717           0.0478211           0.0817466
0.103261           0.0511915           0.0779675
0.102771           0.0544965           0.0739649
0.102249           0.0577322           0.0697502
0.101695           0.0608942           0.0653356
0.101108           0.0639787           0.0607336
0.100489           0.0669817           0.0559575
0.0998374           0.0698993           0.0510211
0.0991545           0.0727278           0.0459383
0.09844           0.0754637           0.0407239
0.0976942           0.0781035           0.0353927
0.0969173           0.0806437           0.0299601
0.0961096           0.0830812           0.0244415
0.0952713           0.0854128            0.018853
0.0944027           0.0876356           0.0132103
0.093504           0.0897468          0.00752983
0.0925756           0.0917436          0.00182775
0.0916178           0.0936235         -0.00387958
0.0906308           0.0953842         -0.00957578
0.089615           0.0970234          -0.0152445
0.0885708            0.098539          -0.0208696
0.0874983           0.0999291          -0.0264348
0.086398            0.101192          -0.0319243
0.0852703            0.102326          -0.0373222
0.0841155            0.103329          -0.0426132
0.0829339            0.104201          -0.0477821
0.081726             0.10494          -0.0528139
0.0804921            0.105546          -0.0576944
0.0792326            0.106017          -0.0624096
0.0779479            0.106353          -0.0669458
0.0766385            0.106554          -0.0712902
0.0753047            0.106619          -0.0754303
0.0739471            0.106548          -0.0793542
0.0725659            0.106341          -0.0830506
0.0711617               0.106           -0.086509
0.0697349            0.105523          -0.0897195
0.0682859            0.104911          -0.0926728
0.0668153            0.104166          -0.0953606
0.0653234            0.103289           -0.097775
0.0638108             0.10228          -0.0999092
0.062278            0.101141           -0.101757
0.0607254           0.0998725           -0.103313
0.0591535           0.0984773           -0.104574
0.0575629           0.0969568           -0.105534
0.055954           0.0953128           -0.106192
0.0543273           0.0935474           -0.106546
0.0526835           0.0916629           -0.106595
0.0510229           0.0896618           -0.106338
0.0493461           0.0875465           -0.105776
0.0476537           0.0853198           -0.104911
0.0459461           0.0829844           -0.103746
0.044224           0.0805435           -0.102283
0.0424879               0.078           -0.100527
0.0407383           0.0753572          -0.0984832
0.0389758           0.0726185          -0.0961571
0.037201           0.0697874          -0.0935556
0.0354143           0.0668675          -0.0906859
0.0336165           0.0638624          -0.0875564
0.031808           0.0607761          -0.0841761
0.0299894           0.0576125          -0.0805545
0.0281613           0.0543755          -0.0767022
0.0263243           0.0510693          -0.0726301
0.024479           0.0476982          -0.0683499
0.0226259           0.0442663          -0.0638738
0.0207657           0.0407781          -0.0592148
0.0188988           0.0372381          -0.0543861
0.017026           0.0336506          -0.0494017
0.0151478           0.0300204          -0.0442756
0.0132649           0.0263519          -0.0390228
0.0113777           0.0226499          -0.0336581
0.00948691           0.0189191           -0.028197
0.00759313           0.0151643          -0.0226552
0.00569695           0.0113901          -0.0170484
0.00379897          0.00760147          -0.0113928
0.00189978          0.00380315         -0.00570458
