eigenstate1         eigenstate2         eigenstate3           rotations                time      ofdiagonal sum     number of steps
0.00693767           0.0134876          -0.0201217               30802            0.136711        -1.29931e-09                  75
0.0138627           0.0268813          -0.0399314
0.0207625           0.0400876          -0.0591222
0.027624           0.0530137          -0.0773953
0.0344345           0.0655689          -0.0944667
0.0411812           0.0776653           -0.110071
0.0478517            0.089218           -0.123965
0.0544335            0.100146           -0.135935
0.0609144            0.110373           -0.145792
0.0672825            0.119828           -0.153386
0.0735261            0.128444           -0.158597
0.0796337            0.136161           -0.161345
0.0855942            0.142926           -0.161589
0.0913968            0.148691           -0.159323
0.0970308            0.153417           -0.154585
0.102486            0.157071           -0.147447
0.107753            0.159627           -0.138021
0.112823            0.161069           -0.126454
0.117685            0.161387           -0.112925
0.122332            0.160579          -0.0976455
0.126756            0.158651          -0.0808516
0.13095            0.155617          -0.0628044
0.134905              0.1515          -0.0437839
0.138615            0.146328          -0.0240851
0.142075            0.140138         -0.00401332
0.145279            0.132974           0.0161206
0.148221            0.124887           0.0360051
0.150897            0.115932           0.0553324
0.153303            0.106173           0.0738037
0.155436           0.0956783           0.0911339
0.157292           0.0845209            0.107055
0.15887           0.0727787            0.121323
0.160167           0.0605333            0.133716
0.161182           0.0478698            0.144045
0.161914            0.034876            0.152151
0.162364           0.0216417            0.157909
0.162531          0.00825832            0.161233
0.162417         -0.00518185            0.162072
0.162022          -0.0185864            0.160414
0.161349          -0.0318633            0.156286
0.1604          -0.0449218            0.149753
0.159177          -0.0576725            0.140917
0.157685          -0.0700286            0.129914
0.155927          -0.0819062            0.116914
0.153908          -0.0932247             0.10212
0.151632           -0.103908           0.0857575
0.149103           -0.113883           0.0680798
0.146329           -0.123085           0.0493585
0.143314           -0.131451           0.0298808
0.140066           -0.138925           0.0099457
0.13659           -0.145459          -0.0101416
0.132894            -0.15101          -0.0300739
0.128985           -0.155541          -0.0495465
0.12487           -0.159024          -0.0682625
0.120558           -0.161436          -0.0859367
0.116056           -0.162765             -0.1023
0.111373           -0.163001           -0.117105
0.106518           -0.162145           -0.130126
0.101499           -0.160206           -0.141167
0.0963247           -0.157197           -0.150061
0.0910046           -0.153141           -0.156675
0.0855477           -0.148067           -0.160911
0.0799633           -0.142009           -0.162705
0.0742606           -0.135011           -0.162033
0.068449           -0.127119           -0.158907
0.0625379           -0.118389           -0.153376
0.0565367           -0.108878           -0.145526
0.0504548          -0.0986519           -0.135478
0.0443015          -0.0877781           -0.123384
0.0380861          -0.0763296            -0.10943
0.0318179          -0.0643822          -0.0938274
0.025506           -0.052015          -0.0768122
0.0191595          -0.0393094          -0.0586419
0.0127871          -0.0263485          -0.0395904
0.00639778           -0.013217          -0.0199448
