eigenstate1         eigenstate2         eigenstate3           rotations                time      ofdiagonal sum     number of steps
0.00156009         -0.00311809         -0.00467581              225870             53.9024        -3.92036e-09                 200
0.0031198         -0.00623314         -0.00934134
0.00467874         -0.00934209          -0.0139863
0.00623654          -0.0124419          -0.0186006
0.00779282          -0.0155296          -0.0231739
0.00934719          -0.0186021          -0.0276963
0.0108993          -0.0216563          -0.0321578
0.0124487          -0.0246895          -0.0365486
0.0139951          -0.0276985          -0.0408591
0.015538          -0.0306804          -0.0450797
0.0170771          -0.0336323          -0.0492012
0.0186121          -0.0365514          -0.0532145
0.0201425          -0.0394347          -0.0571108
0.021668          -0.0422794          -0.0608815
0.0231882          -0.0450829          -0.0645184
0.0247027          -0.0478422          -0.0680134
0.0262111          -0.0505548          -0.0713589
0.0277132           -0.053218          -0.0745475
0.0292085          -0.0558291          -0.0775722
0.0306966          -0.0583857          -0.0804263
0.0321772          -0.0608852          -0.0831036
0.0336499          -0.0633252          -0.0855981
0.0351144          -0.0657033          -0.0879045
0.0365703          -0.0680171          -0.0900176
0.0380173          -0.0702645          -0.0919327
0.0394549          -0.0724432          -0.0936457
0.0408829           -0.074551          -0.0951529
0.0423009           -0.076586          -0.0964508
0.0437086          -0.0785461          -0.0975367
0.0451055          -0.0804294          -0.0984081
0.0464914          -0.0822341          -0.0990631
0.047866          -0.0839584          -0.0995003
0.0492288          -0.0856007          -0.0997188
0.0505796          -0.0871593           -0.099718
0.051918          -0.0886326          -0.0994979
0.0532437          -0.0900193          -0.0990591
0.0545564          -0.0913181          -0.0984025
0.0558557          -0.0925275          -0.0975295
0.0571414          -0.0936465          -0.0964421
0.0584131           -0.094674          -0.0951427
0.0596704          -0.0956089          -0.0936341
0.0609132          -0.0964504          -0.0919196
0.0621411          -0.0971976           -0.090003
0.0633538          -0.0978498          -0.0878885
0.064551          -0.0984063          -0.0855808
0.0657324          -0.0988666          -0.0830849
0.0668977          -0.0992303          -0.0804063
0.0680467           -0.099497           -0.077551
0.069179          -0.0996664          -0.0745251
0.0702943          -0.0997384          -0.0713354
0.0713925          -0.0997129          -0.0679889
0.0724732            -0.09959          -0.0644929
0.0735362          -0.0993697          -0.0608551
0.0745812          -0.0990523          -0.0570834
0.075608           -0.098638          -0.0531863
0.0766162          -0.0981273          -0.0491723
0.0776058          -0.0975208          -0.0450501
0.0785763          -0.0968189          -0.0408289
0.0795276          -0.0960223          -0.0365179
0.0804595          -0.0951319          -0.0321266
0.0813717          -0.0941485          -0.0276647
0.082264          -0.0930731           -0.023142
0.0831361          -0.0919067          -0.0185684
0.083988          -0.0906505           -0.013954
0.0848193          -0.0893057         -0.00930885
0.0856298          -0.0878736         -0.00464327
0.0864194          -0.0863556         3.25106e-05
0.0871879          -0.0847532          0.00470822
0.0879351           -0.083068          0.00937358
0.0886607          -0.0813015           0.0140183
0.0893647          -0.0794556           0.0186323
0.0900468          -0.0775321           0.0232052
0.0907069          -0.0755327           0.0277272
0.0913448          -0.0734596           0.0321882
0.0919604          -0.0713146           0.0365784
0.0925535             -0.0691           0.0408882
0.093124          -0.0668178           0.0451081
0.0936717          -0.0644703           0.0492289
0.0941964          -0.0620598           0.0532414
0.0946982          -0.0595886           0.0571369
0.0951768          -0.0570592           0.0609067
0.0956322           -0.054474           0.0645427
0.0960641          -0.0518356           0.0680367
0.0964726          -0.0491466           0.0713812
0.0968575          -0.0464095           0.0745687
0.0972187           -0.043627           0.0775923
0.0975562          -0.0408019           0.0804454
0.0978698           -0.037937           0.0831215
0.0981595          -0.0350349            0.085615
0.0984252          -0.0320986           0.0879202
0.0986669           -0.029131           0.0900321
0.0988844          -0.0261349           0.0919461
0.0990777          -0.0231132            0.093658
0.0992469           -0.020069            0.095164
0.0993918          -0.0170051           0.0964608
0.0995124          -0.0139246           0.0975455
0.0996087          -0.0108305           0.0984157
0.0996806         -0.00772587           0.0990696
0.0997282         -0.00461365           0.0995058
0.0997514         -0.00149692           0.0997231
0.0997502          0.00162127           0.0997213
0.0997247          0.00473787           0.0995002
0.0996748          0.00784985           0.0990604
0.0996006           0.0109542           0.0984028
0.099502           0.0140478           0.0975289
0.0993791           0.0171276           0.0964406
0.0992319           0.0201908           0.0951403
0.0990605           0.0232342           0.0936309
0.0988649           0.0262549           0.0919156
0.0986452           0.0292499           0.0899983
0.0984013           0.0322164           0.0878831
0.0981334           0.0351514           0.0855748
0.0978416            0.038052           0.0830783
0.0975258           0.0409155           0.0803992
0.0971862            0.043739           0.0775434
0.0968229           0.0465197           0.0745171
0.096436            0.049255            0.071327
0.0960255           0.0519422           0.0679801
0.0955915           0.0545786           0.0644838
0.0951343           0.0571617           0.0608457
0.0946537            0.059689           0.0570739
0.0941501           0.0621579           0.0531766
0.0936235           0.0645661           0.0491624
0.093074           0.0669112           0.0450402
0.0925018            0.069191            0.040819
0.091907           0.0714031            0.036508
0.0912898           0.0735455           0.0321168
0.0906503            0.075616            0.027655
0.0899887           0.0776127           0.0231324
0.0893051           0.0795335           0.0185589
0.0885997           0.0813767           0.0139447
0.0878727           0.0831403          0.00929982
0.0871242           0.0848227          0.00463449
0.0863545           0.0864223        -4.10275e-05
0.0855637           0.0879374         -0.00471645
0.0847521           0.0893667         -0.00938151
0.0839197           0.0907086           -0.014026
0.0830669           0.0919619          -0.0186396
0.0821938           0.0931254          -0.0232122
0.0813006           0.0941979          -0.0277338
0.0803876           0.0951784          -0.0321945
0.079455           0.0960659          -0.0365844
0.0785031           0.0968596          -0.0408939
0.0775319           0.0975587          -0.0451135
0.0765419           0.0981625          -0.0492339
0.0755332           0.0986704          -0.0532462
0.074506           0.0990819          -0.0571414
0.0734607           0.0993967           -0.060911
0.0723975           0.0996143          -0.0645467
0.0713166           0.0997347          -0.0680406
0.0702183           0.0997576          -0.0713849
0.0691029           0.0996832          -0.0745724
0.0679707           0.0995113          -0.0775959
0.0668219           0.0992423          -0.0804489
0.0656568           0.0988763          -0.0831251
0.0644757           0.0984138          -0.0856186
0.0632788           0.0978551          -0.0879239
0.0620666           0.0972009           -0.090036
0.0608392           0.0964518          -0.0919502
0.059597           0.0956084          -0.0936623
0.0583402           0.0946717          -0.0951686
0.0570693           0.0936426          -0.0964657
0.0557844            0.092522          -0.0975508
0.0544859            0.091311          -0.0984216
0.0531742           0.0900109           -0.099076
0.0518495           0.0886228          -0.0995127
0.0505121           0.0871482          -0.0997307
0.0491625           0.0855886          -0.0997295
0.0478009           0.0839453          -0.0995092
0.0464276           0.0822201          -0.0990701
0.045043           0.0804146          -0.0984134
0.0436475           0.0785305          -0.0975404
0.0422413           0.0765698           -0.096453
0.0408248           0.0745343          -0.0951536
0.0393984           0.0724261          -0.0936452
0.0379624           0.0702471           -0.091931
0.0365172           0.0679995          -0.0900147
0.035063           0.0656856          -0.0879006
0.0336003           0.0633075          -0.0855934
0.0321295           0.0608676          -0.0830981
0.0306508           0.0583683          -0.0804202
0.0291646            0.055812          -0.0775655
0.0276714           0.0532012          -0.0745404
0.0261714           0.0505384          -0.0713515
0.024665           0.0478263          -0.0680059
0.0231527           0.0450676          -0.0645107
0.0216347           0.0422648          -0.0608739
0.0201114           0.0394208          -0.0571032
0.0185833           0.0365383          -0.0532071
0.0170506           0.0336201          -0.0491941
0.0155138           0.0306691           -0.045073
0.0139732           0.0276881          -0.0408528
0.0124292           0.0246802          -0.0365429
0.0108821           0.0216481          -0.0321527
0.00933247           0.0185949          -0.0276918
0.00778053           0.0155236          -0.0231701
0.0062267           0.0124371          -0.0185975
0.00467135          0.00933845           -0.013984
0.00311486           0.0062307         -0.00933975
0.00155762          0.00311687         -0.00467501
