eigenstate1         eigenstate2         eigenstate3           rotations                time      ofdiagonal sum     number of steps
0.0119866           0.0159713           0.0213452               20053            0.130955        -1.49056e-09                  75
0.0239416           0.0317889           0.0422965
0.0358336           0.0473004           0.0624673
0.0475892            0.062301           0.0814117
0.0591454           0.0766049           0.0987269
0.0704434           0.0900384            0.114049
0.0814271             0.10244            0.127057
0.0920437            0.113664            0.137483
0.102244            0.123578             0.14511
0.11198            0.132068            0.149784
0.121212            0.139038            0.151412
0.129899            0.144412            0.149965
0.138009            0.148133            0.145478
0.145511            0.150166            0.138049
0.15238            0.150496            0.127835
0.158597            0.149128             0.11505
0.164145            0.146089           0.0999602
0.169014            0.141424           0.0828751
0.173198            0.135196           0.0641428
0.176695            0.127486           0.0441414
0.17951            0.118392           0.0232709
0.181649            0.108025          0.00194457
0.183125           0.0965075          -0.0194196
0.183953           0.0839736          -0.0404078
0.184152           0.0705655          -0.0606186
0.183747           0.0564318          -0.0796709
0.182761           0.0417255          -0.0972114
0.181225           0.0266015           -0.112921
0.179169           0.0112151           -0.126519
0.176626         -0.00428019           -0.137772
0.173631          -0.0197346           -0.146492
0.170219          -0.0350036           -0.152543
0.166429          -0.0499499           -0.155841
0.162296          -0.0644441           -0.156352
0.15786          -0.0783669           -0.154097
0.153157          -0.0916093           -0.149143
0.148225           -0.104074           -0.141606
0.1431           -0.115676           -0.131645
0.137819           -0.126341           -0.119457
0.132416           -0.136012           -0.105273
0.126925            -0.14464          -0.0893525
0.121376            -0.15219           -0.071978
0.115799           -0.158643          -0.0534484
0.110224           -0.163987          -0.0340735
0.104676           -0.168224          -0.0141678
0.0991783           -0.171366          0.00595515
0.0937541           -0.173436           0.0259883
0.0884229           -0.174465            0.045636
0.0832024           -0.174492           0.0646187
0.0781081           -0.173564           0.0826769
0.0731535           -0.171732           0.0995749
0.0683501           -0.169053            0.115103
0.0637073           -0.165589             0.12908
0.0592324           -0.161404            0.141356
0.0549313           -0.156563            0.151809
0.0508076           -0.151133             0.16035
0.0468636            -0.14518            0.166921
0.0430999            -0.13877            0.171494
0.0395157           -0.131967            0.174067
0.0361088           -0.124834            0.174667
0.0328758           -0.117429            0.173344
0.029812           -0.109806             0.17017
0.0269118           -0.102019            0.165238
0.0241686          -0.0941124            0.158655
0.0215749          -0.0861298            0.150543
0.0191222          -0.0781081            0.141033
0.0168015           -0.070079            0.130265
0.0146029          -0.0620692            0.118383
0.012516          -0.0540995            0.105532
0.0105294          -0.0461854           0.0918575
0.00863126          -0.0383363           0.0775017
0.00680908          -0.0305564           0.0626013
0.00504947          -0.0228435           0.0472857
0.0033383          -0.0151899           0.0316754
0.00166051         -0.00758201           0.0158807
