eigenstate1         eigenstate2         eigenstate3           rotations                time      ofdiagonal sum     number of steps
0.000500262        -0.000914722          0.00147535              133349             192.867         2.97704e-09                 275
0.00101832         -0.00186148          0.00300132
0.00157259         -0.00287344          0.00463026
0.00215421          -0.0039338          0.00633388
0.00276023         -0.00503658          0.00810126
0.00338914          -0.0061784          0.00992565
0.00404001         -0.00735689           0.0118018
0.00471215         -0.00857013           0.0137253
0.00540503         -0.00981643           0.0156919
0.00611818          -0.0110942           0.0176976
0.00685119           -0.012402           0.0197385
0.00760369          -0.0137383           0.0218107
0.00837528          -0.0151017           0.0239102
0.00916562          -0.0164906            0.026033
0.00997433          -0.0179037           0.0281754
0.010801          -0.0193393           0.0303331
0.0116454          -0.0207961           0.0325021
0.012507          -0.0222723           0.0346784
0.0133855          -0.0237665           0.0368578
0.0142804          -0.0252771           0.0390362
0.0151915          -0.0268023           0.0412094
0.0161181          -0.0283407           0.0433731
0.01706          -0.0298903           0.0455231
0.0180166          -0.0314496           0.0476553
0.0189876          -0.0330169           0.0497653
0.0199724          -0.0345903           0.0518491
0.0209706          -0.0361681           0.0539023
0.0219818          -0.0377485           0.0559208
0.0230053          -0.0393298           0.0579004
0.0240407            -0.04091           0.0598371
0.0250875          -0.0424873           0.0617268
0.0261451            -0.04406           0.0635655
0.027213          -0.0456261           0.0653492
0.0282908          -0.0471838           0.0670742
0.0293777          -0.0487313           0.0687365
0.0304733          -0.0502666           0.0703325
0.0315769           -0.051788           0.0718587
0.0326881          -0.0532935           0.0733114
0.0338061          -0.0547814           0.0746874
0.0349305          -0.0562498           0.0759833
0.0360606          -0.0576968           0.0771959
0.0371958          -0.0591207           0.0783223
0.0383355          -0.0605196           0.0793597
0.039479          -0.0618918           0.0803051
0.0406259          -0.0632355           0.0811561
0.0417754          -0.0645489           0.0819102
0.0429269          -0.0658305           0.0825651
0.0440797          -0.0670784           0.0831187
0.0452333           -0.068291           0.0835691
0.0463871          -0.0694667           0.0839145
0.0475403          -0.0706039           0.0841534
0.0486923           -0.071701           0.0842842
0.0498426          -0.0727566           0.0843059
0.0509904          -0.0737691           0.0842173
0.0521352          -0.0747371           0.0840176
0.0532762          -0.0756593           0.0837062
0.054413          -0.0765342           0.0832826
0.0555447          -0.0773606           0.0827466
0.0566709          -0.0781371            0.082098
0.0577909          -0.0788627           0.0813372
0.058904          -0.0795362           0.0804643
0.0600097          -0.0801564             0.07948
0.0611073          -0.0807223            0.078385
0.0621963           -0.081233           0.0771801
0.0632761          -0.0816875           0.0758667
0.064346          -0.0820849           0.0744459
0.0654054          -0.0824245           0.0729194
0.0664539          -0.0827054           0.0712888
0.0674908           -0.082927            0.069556
0.0685156          -0.0830887           0.0677232
0.0695276          -0.0831899           0.0657926
0.0705265          -0.0832301           0.0637666
0.0715116          -0.0832089            0.061648
0.0724824          -0.0831259           0.0594394
0.0734384          -0.0829807           0.0571438
0.0743792          -0.0827733           0.0547645
0.0753041          -0.0825033           0.0523046
0.0762128          -0.0821708           0.0497675
0.0771048          -0.0817755           0.0471569
0.0779796          -0.0813177           0.0444764
0.0788368          -0.0807973           0.0417298
0.0796759          -0.0802146           0.0389212
0.0804966          -0.0795697           0.0360546
0.0812984           -0.078863           0.0331341
0.082081          -0.0780948           0.0301641
0.0828439          -0.0772655           0.0271489
0.0835869          -0.0763756           0.0240929
0.0843095          -0.0754257           0.0210008
0.0850114          -0.0744163           0.0178771
0.0856924          -0.0733482           0.0147265
0.0863522           -0.072222           0.0115536
0.0869903          -0.0710386          0.00836339
0.0876066          -0.0697988          0.00516052
0.0882009          -0.0685034          0.00194984
0.0887728          -0.0671536         -0.00126378
0.0893221          -0.0657502         -0.00447549
0.0898487          -0.0642944         -0.00768043
0.0903524          -0.0627872          -0.0108737
0.0908329          -0.0612299          -0.0140506
0.0912901          -0.0596236          -0.0172061
0.0917239          -0.0579697          -0.0203356
0.0921342          -0.0562694          -0.0234342
0.0925208           -0.054524          -0.0264973
0.0928836          -0.0527351          -0.0295203
0.0932225           -0.050904          -0.0324985
0.0935375          -0.0490322          -0.0354275
0.0938286          -0.0471212          -0.0383028
0.0940956          -0.0451725            -0.04112
0.0943387          -0.0431878          -0.0438751
0.0945577          -0.0411686          -0.0465637
0.0947526          -0.0391167          -0.0491818
0.0949236          -0.0370335          -0.0517256
0.0950706           -0.034921          -0.0541912
0.0951938          -0.0327807           -0.056575
0.0952931          -0.0306143          -0.0588734
0.0953687          -0.0284238           -0.061083
0.0954206          -0.0262107          -0.0632006
0.095449           -0.023977          -0.0652231
0.095454          -0.0217244          -0.0671474
0.0954357          -0.0194546          -0.0689708
0.0953943          -0.0171696          -0.0706908
0.09533          -0.0148712          -0.0723047
0.0952429          -0.0125611          -0.0738103
0.0951332          -0.0102412          -0.0752055
0.0950011         -0.00791336          -0.0764884
0.0948469         -0.00557937          -0.0776571
0.0946708         -0.00324106          -0.0787102
0.0944729        -0.000900241          -0.0796461
0.0942537          0.00144127          -0.0804636
0.0940132          0.00378167          -0.0811618
0.0937518          0.00611918          -0.0817397
0.0934698          0.00845201          -0.0821968
0.0931674           0.0107784          -0.0825325
0.0928449           0.0130967          -0.0827465
0.0925028            0.015405          -0.0828387
0.0921412           0.0177017          -0.0828093
0.0917605           0.0199852          -0.0826585
0.091361           0.0222537          -0.0823867
0.0909431           0.0245057          -0.0819946
0.0905071           0.0267394          -0.0814829
0.0900533           0.0289534          -0.0808527
0.0895822           0.0311461          -0.0801051
0.0890941            0.033316          -0.0792415
0.0885894           0.0354616          -0.0782633
0.0880684           0.0375814          -0.0771723
0.0875315            0.039674          -0.0759702
0.0869792           0.0417381           -0.074659
0.0864117           0.0437722          -0.0732408
0.0858295           0.0457751           -0.071718
0.0852331           0.0477456           -0.070093
0.0846227           0.0496823          -0.0683683
0.0839988           0.0515842          -0.0665466
0.0833618             0.05345          -0.0646308
0.0827122           0.0552786          -0.0626238
0.0820503            0.057069          -0.0605286
0.0813765           0.0588202          -0.0583485
0.0806913           0.0605312          -0.0560868
0.079995            0.062201          -0.0537468
0.0792881           0.0638288          -0.0513319
0.078571           0.0654137          -0.0488459
0.0778442           0.0669549          -0.0462923
0.0771079           0.0684518          -0.0436748
0.0763627           0.0699035          -0.0409973
0.0756089           0.0713094          -0.0382635
0.074847           0.0726689          -0.0354775
0.0740773           0.0739814          -0.0326432
0.0733004           0.0752465          -0.0297645
0.0725165           0.0764636          -0.0268455
0.071726           0.0776323          -0.0238904
0.0709295           0.0787522          -0.0209031
0.0701272            0.079823          -0.0178878
0.0693195           0.0808443          -0.0148487
0.068507            0.081816          -0.0117897
0.0676898           0.0827378          -0.0087152
0.0668685           0.0836096         -0.00562915
0.0660433           0.0844312         -0.00253569
0.0652148           0.0852026         0.000561092
0.0643831           0.0859237          0.00365714
0.0635487           0.0865945          0.00674843
0.062712           0.0872151          0.00983098
0.0618733           0.0877855           0.0129008
0.0610329           0.0883059           0.0159541
0.0601912           0.0887765            0.018987
0.0593485           0.0891974           0.0219956
0.0585051           0.0895689           0.0249763
0.0576614           0.0898912           0.0279254
0.0568177           0.0901647           0.0308393
0.0559743           0.0903897           0.0337146
0.0551315           0.0905665           0.0365478
0.0542895           0.0906957           0.0393356
0.0534488           0.0907775           0.0420747
0.0526094           0.0908126            0.044762
0.0517718           0.0908013           0.0473944
0.0509363           0.0907442            0.049969
0.0501029           0.0906419           0.0524828
0.0492721           0.0904949           0.0549333
0.0484441           0.0903038           0.0573177
0.047619           0.0900693           0.0596334
0.0467972            0.089792           0.0618782
0.0459788           0.0894725           0.0640496
0.0451641           0.0891116           0.0661455
0.0443532             0.08871           0.0681638
0.0435465           0.0882684           0.0701026
0.042744           0.0877875             0.07196
0.041946           0.0872681           0.0737343
0.0411526            0.086711           0.0754239
0.040364           0.0861169           0.0770274
0.0395804           0.0854866           0.0785435
0.038802            0.084821           0.0799708
0.0380288           0.0841209           0.0813083
0.037261           0.0833871           0.0825551
0.0364987           0.0826204           0.0837102
0.0357422           0.0818217            0.084773
0.0349914           0.0809919           0.0857427
0.0342465           0.0801317            0.086619
0.0335077            0.079242           0.0874015
0.0327749           0.0783238           0.0880898
0.0320483           0.0773778           0.0886839
0.031328           0.0764049           0.0891836
0.030614            0.075406           0.0895892
0.0299064            0.074382           0.0899007
0.0292053           0.0733336           0.0901185
0.0285108           0.0722618           0.0902429
0.0278227           0.0711674           0.0902746
0.0271413           0.0700512            0.090214
0.0264665           0.0689141           0.0900618
0.0257984           0.0677569            0.089819
0.0251369           0.0665804           0.0894863
0.0244822           0.0653855           0.0890647
0.0238341            0.064173           0.0885553
0.0231927           0.0629436           0.0879593
0.0225579           0.0616981           0.0872779
0.0219298           0.0604373           0.0865123
0.0213084            0.059162            0.085664
0.0206935           0.0578729           0.0847345
0.0200853           0.0565707           0.0837251
0.0194835           0.0552563           0.0826376
0.0188883           0.0539302           0.0814735
0.0182994           0.0525931           0.0802346
0.0177169           0.0512458           0.0789226
0.0171408           0.0498889           0.0775393
0.0165708            0.048523           0.0760866
0.016007           0.0471488           0.0745663
0.0154493           0.0457669           0.0729804
0.0148975           0.0443778           0.0713308
0.0143516           0.0429821           0.0696196
0.0138115           0.0415804           0.0678488
0.0132771           0.0401732           0.0660204
0.0127482            0.038761           0.0641366
0.0122248           0.0373442           0.0621994
0.0117067           0.0359235           0.0602109
0.0111937           0.0344991           0.0581734
0.0106858           0.0330716           0.0560888
0.0101829           0.0316413           0.0539594
0.00968466           0.0302086           0.0517872
0.00919105           0.0287739           0.0495746
0.00870189           0.0273375           0.0473235
0.00821702           0.0258997           0.0450361
0.00773627           0.0244609           0.0427147
0.00725946           0.0230212           0.0403612
0.00678641           0.0215809           0.0379778
0.00631693           0.0201403           0.0355666
0.00585083           0.0186995           0.0331297
0.00538791           0.0172588           0.0306691
0.00492797           0.0158182           0.0281868
0.0044708           0.0143779           0.0256848
0.00401617           0.0129379           0.0231651
0.00356386           0.0114985           0.0206297
0.00311365           0.0100595           0.0180804
0.00266529          0.00862108           0.0155192
0.00221855          0.00718319           0.0129478
0.00177317          0.00574581            0.010368
0.00132889          0.00430889          0.00778168
0.000885452          0.00287236          0.00519045
0.000442582           0.0014361          0.00259601
