eigenstate1         eigenstate2         eigenstate3           rotations                time      ofdiagonal sum     number of steps
0.000951358          0.00174341          0.00281834               53762             3.44722         4.37731e-10                 175
0.00195521          0.00358068          0.00578344
0.00306695          0.00561074          0.00904972
0.0042603          0.00778257           0.0125287
0.00552643           0.0100769           0.0161828
0.00686067            0.012482           0.0199861
0.00825987           0.0149885           0.0239165
0.00972154           0.0175883           0.0279536
0.0112435           0.0202736           0.0320774
0.0128238            0.023037           0.0362678
0.0144605           0.0258707           0.0405051
0.0161515            0.028767           0.0447689
0.017895           0.0317181           0.0490389
0.0196888            0.034716           0.0532946
0.0215308           0.0377524           0.0575154
0.0234189           0.0408189           0.0616806
0.0253507           0.0439071           0.0657696
0.027324           0.0470083           0.0697619
0.0293364           0.0501136           0.0736373
0.0313853           0.0532142           0.0773757
0.0334681           0.0563011           0.0809575
0.0355823           0.0593653           0.0843638
0.0377251           0.0623977            0.087576
0.0398938           0.0653892           0.0905762
0.0420855           0.0683309           0.0933474
0.0442973           0.0712137           0.0958735
0.0465264           0.0740288           0.0981392
0.0487697           0.0767674             0.10013
0.0510242           0.0794208            0.101833
0.053287           0.0819806            0.103236
0.0555549           0.0844384            0.104329
0.0578248           0.0867862            0.105102
0.0600937           0.0890162            0.105546
0.0623585           0.0911208            0.105655
0.064616           0.0930928            0.105424
0.0668633           0.0949251            0.104849
0.0690971           0.0966112            0.103927
0.0713145           0.0981449            0.102658
0.0735124           0.0995203            0.101041
0.0756877            0.100732           0.0990806
0.0778377            0.101775           0.0967787
0.0799593            0.102644           0.0941411
0.0820496            0.103336           0.0911744
0.0841059            0.103846           0.0878867
0.0861253            0.104172           0.0842876
0.0881053             0.10431           0.0803882
0.0900432            0.104259           0.0762007
0.0919364            0.104016           0.0717388
0.0937825            0.103581           0.0670174
0.0955792            0.102952           0.0620525
0.0973241             0.10213           0.0568613
0.099015            0.101114           0.0514621
0.10065           0.0999053           0.0458739
0.102227           0.0985053           0.0401169
0.103744           0.0969157           0.0342117
0.105199           0.0951385             0.02818
0.106591           0.0931766           0.0220438
0.107918           0.0910331           0.0158257
0.109179           0.0887117          0.00954879
0.110372           0.0862164          0.00323628
0.111496           0.0835518          -0.0030883
0.11255           0.0807229         -0.00940135
0.113534           0.0777349          -0.0156793
0.114445           0.0745936          -0.0218986
0.115284           0.0713051          -0.0280361
0.11605           0.0678759          -0.0340687
0.116743           0.0643127          -0.0399739
0.117361           0.0606226          -0.0457297
0.117905           0.0568129          -0.0513146
0.118375           0.0528914          -0.0567078
0.118771           0.0488657          -0.0618893
0.119092            0.044744          -0.0668399
0.11934           0.0405346          -0.0715414
0.119513           0.0362459          -0.0759767
0.119614           0.0318863          -0.0801294
0.119642           0.0274647          -0.0839847
0.119597           0.0229897          -0.0875286
0.119482           0.0184703          -0.0907485
0.119296           0.0139152          -0.0936332
0.119041          0.00933336          -0.0961725
0.118717          0.00473365           -0.098358
0.118326         0.000124908           -0.100182
0.117868         -0.00448407           -0.101639
0.117346         -0.00908457           -0.102725
0.116761           -0.013668           -0.103436
0.116113          -0.0182258           -0.103771
0.115405          -0.0227498            -0.10373
0.114638          -0.0272316           -0.103314
0.113814          -0.0316633           -0.102525
0.112934          -0.0360372           -0.101368
0.112001          -0.0403455          -0.0998473
0.111015          -0.0445811          -0.0979704
0.109979          -0.0487367          -0.0957449
0.108894          -0.0528056            -0.09318
0.107763          -0.0567811           -0.090286
0.106588          -0.0606571          -0.0870742
0.10537          -0.0644276          -0.0835573
0.104111          -0.0680869          -0.0797486
0.102813          -0.0716297          -0.0756627
0.101479           -0.075051          -0.0713149
0.10011          -0.0783461          -0.0667212
0.0987088          -0.0815106          -0.0618986
0.0972768          -0.0845407          -0.0568646
0.0958161          -0.0874327          -0.0516373
0.0943288          -0.0901832          -0.0462353
0.0928169          -0.0927893          -0.0406777
0.0912824          -0.0952485          -0.0349839
0.0897271          -0.0975585          -0.0291734
0.0881532          -0.0997174          -0.0232663
0.0865624           -0.101724          -0.0172825
0.0849566           -0.103576          -0.0112421
0.0833378           -0.105274           -0.005165
0.0817077           -0.106816         0.000928828
0.0800682           -0.108203          0.00701966
0.0784209           -0.109434            0.013088
0.0767675           -0.110511           0.0191147
0.0751099           -0.111433            0.025081
0.0734495           -0.112202           0.0309685
0.0717879           -0.112818           0.0367593
0.0701268           -0.113284           0.0424362
0.0684674           -0.113602           0.0479824
0.0668114           -0.113772           0.0533819
0.06516           -0.113798           0.0586194
0.0635146           -0.113682           0.0636802
0.0618764           -0.113427           0.0685505
0.0602467           -0.113035           0.0732174
0.0586266           -0.112509           0.0776685
0.0570172           -0.111854           0.0818927
0.0554195           -0.111072           0.0858794
0.0538345           -0.110166           0.0896192
0.0522633           -0.109141           0.0931034
0.0507065           -0.107999           0.0963244
0.0491651           -0.106746           0.0992753
0.0476397           -0.105385            0.101951
0.0461311           -0.103919            0.104345
0.0446399           -0.102354            0.106455
0.0431667           -0.100692            0.108277
0.041712           -0.098939            0.109809
0.0402763          -0.0970982            0.111051
0.0388599          -0.0951741               0.112
0.0374632          -0.0931707            0.112659
0.0360866          -0.0910922            0.113028
0.0347302          -0.0889428             0.11311
0.0333943          -0.0867267            0.112907
0.032079          -0.0844477            0.112423
0.0307843            -0.08211            0.111663
0.0295103          -0.0797175             0.11063
0.028257           -0.077274            0.109332
0.0270242          -0.0747833            0.107774
0.025812          -0.0722491            0.105963
0.0246201           -0.069675            0.103906
0.0234482          -0.0670644            0.101611
0.0222962          -0.0644206           0.0990868
0.0211638          -0.0617469           0.0963417
0.0200505          -0.0590465           0.0933847
0.0189559          -0.0563222            0.090225
0.0178797          -0.0535768           0.0868725
0.0168213          -0.0508132           0.0833368
0.0157802          -0.0480337            0.079628
0.0147559          -0.0452407           0.0757564
0.0137476          -0.0424365           0.0717321
0.0127548          -0.0396231           0.0675657
0.0117767          -0.0368023           0.0632676
0.0108126           -0.033976            0.058848
0.00986172          -0.0311456           0.0543176
0.00892316          -0.0283124           0.0496864
0.00799607          -0.0254777           0.0449649
0.00707952          -0.0226425            0.040163
0.00617254          -0.0198076           0.0352908
0.00527412          -0.0169735           0.0303578
0.00438319          -0.0141408           0.0253737
0.00349863          -0.0113098           0.0203476
0.00261928         -0.00848035           0.0152887
0.00174391         -0.00565251           0.0102056
0.000871261          -0.0028259          0.00510664
