eigenstate1         eigenstate2         eigenstate3           rotations                time      ofdiagonal sum     number of steps
0.0031204         -0.00576532         -0.00939912                9785            0.135081        -1.03366e-09                  75
0.00662352          -0.0121958          -0.0197929
0.010939          -0.0200335          -0.0322812
0.0158671          -0.0288473          -0.0460338
0.0213313          -0.0384259          -0.0605671
0.0272798          -0.0485974          -0.0754559
0.0336664           -0.059196          -0.0902867
0.0404453          -0.0700538            -0.10465
0.0475689          -0.0809989           -0.118144
0.0549866          -0.0918558            -0.13038
0.0626456           -0.102448           -0.140993
0.0704905           -0.112598           -0.149652
0.0784637           -0.122135           -0.156065
0.0865061           -0.130891           -0.159988
0.0945579           -0.138709           -0.161236
0.102559           -0.145443           -0.159684
0.110448           -0.150962            -0.15527
0.118168            -0.15515           -0.148005
0.125659           -0.157911           -0.137963
0.132868           -0.159167           -0.125288
0.139742           -0.158864           -0.110188
0.14623           -0.156969          -0.0929309
0.152289            -0.15347          -0.0738361
0.157877            -0.14838          -0.0532703
0.162957           -0.141734          -0.0316366
0.167499           -0.133588         -0.00936586
0.171475           -0.124019           0.0130941
0.174865           -0.113125            0.035289
0.177654           -0.101019           0.0567684
0.17983          -0.0878298            0.077097
0.18139          -0.0737009           0.0958637
0.182335          -0.0587858            0.112692
0.18267          -0.0432464            0.127246
0.182405          -0.0272507            0.139241
0.181557          -0.0109695            0.148447
0.180144          0.00542558            0.154693
0.178191           0.0217649            0.157871
0.175724           0.0378832            0.157937
0.172773           0.0536216             0.15491
0.169371             0.06883            0.148871
0.165552           0.0833686            0.139961
0.161355           0.0971097            0.128374
0.156815            0.109939            0.114355
0.151972            0.121756           0.0981896
0.146865            0.132475           0.0802011
0.141533            0.142028           0.0607398
0.136014             0.15036           0.0401759
0.130345            0.157433           0.0188918
0.124564            0.163226         -0.00272655
0.118705            0.167729          -0.0242973
0.112802            0.170949          -0.0454501
0.106886            0.172907          -0.0658327
0.100986            0.173633          -0.0851173
0.0951293             0.17317           -0.103006
0.08934            0.171571           -0.119233
0.0836403            0.168895           -0.133574
0.0780495            0.165211            -0.14584
0.0725842            0.160591           -0.155886
0.0672586            0.155112           -0.163609
0.0620842            0.148854           -0.168946
0.0570699            0.141896           -0.171874
0.052222             0.13432           -0.172412
0.0475446            0.126206            -0.17061
0.043039             0.11763           -0.166554
0.0387047            0.108666           -0.160356
0.0345385           0.0993842           -0.152157
0.0305354           0.0898486           -0.142115
0.0266882           0.0801181           -0.130407
0.0229876            0.070245            -0.11722
0.0194224           0.0602748           -0.102751
0.0159795           0.0502457          -0.0871998
0.0126438           0.0401882          -0.0707657
0.00939827           0.0301248          -0.0536449
0.00622368           0.0200699          -0.0360264
0.00309878           0.0100292          -0.0180892
