eigenstate1         eigenstate2         eigenstate3           rotations                time      ofdiagonal sum     number of steps
0.00672492          -0.0134047            0.020071               41986            0.149535         -2.5463e-10                  75
0.0134383          -0.0267177           0.0398335
0.0201285          -0.0398477           0.0589835
0.026784          -0.0527049           0.0772267
0.0333934          -0.0652013           0.0942825
0.0399454          -0.0772512            0.109889
0.0464285          -0.0887723            0.123806
0.0528317          -0.0996856            0.135819
0.0591439           -0.109916            0.145744
0.0653543           -0.119395            0.153429
0.0714522           -0.128056            0.158754
0.0774271            -0.13584            0.161639
0.0832688           -0.142694            0.162039
0.0889671           -0.148572            0.159948
0.0945123           -0.153432            0.155398
0.099895           -0.157243            0.148458
0.105106           -0.159977            0.139237
0.110136           -0.161616            0.127875
0.114976           -0.162149            0.114548
0.119619           -0.161572           0.0994591
0.124056           -0.159889           0.0828418
0.128281           -0.157113           0.0649511
0.132284           -0.153261            0.046062
0.136061            -0.14836            0.026465
0.139603           -0.142445          0.00646114
0.142906           -0.135554           -0.013642
0.145964           -0.127737          -0.0335355
0.148771           -0.119046          -0.0529136
0.151323            -0.10954          -0.0714784
0.153615           -0.099285          -0.0889448
0.155644          -0.0883511           -0.105044
0.157406          -0.0768129            -0.11953
0.158898          -0.0647495           -0.132178
0.160118          -0.0522433           -0.142796
0.161064            -0.03938           -0.151219
0.161734          -0.0262474           -0.157319
0.162127          -0.0129354           -0.161002
0.162243         0.000465071           -0.162211
0.162081           0.0138623           -0.160929
0.161643           0.0271648           -0.157174
0.160928           0.0402817           -0.151004
0.159938           0.0531234           -0.142516
0.158675           0.0656021           -0.131838
0.157142           0.0776327           -0.119135
0.15534            0.089133           -0.104602
0.153274            0.100025          -0.0884632
0.150946            0.110233          -0.0709656
0.148361            0.119689          -0.0523782
0.145523            0.128328          -0.0329866
0.142438             0.13609          -0.0130884
0.139111            0.142924          0.00701067
0.135547            0.148783           0.0270021
0.131752            0.153626           0.0465791
0.127734            0.157421            0.065441
0.123499            0.160142           0.0832983
0.119055            0.161771           0.0998771
0.114409            0.162296            0.114923
0.109569            0.161715            0.128205
0.104543            0.160031             0.13952
0.0993404            0.157257            0.148694
0.0939698             0.15341            0.155586
0.0884404            0.148518            0.160091
0.0827616            0.142614             0.16214
0.076943            0.135739            0.161701
0.0709946            0.127938            0.158782
0.0649266            0.119267            0.153428
0.0587491            0.109783             0.14572
0.0524728           0.0995524            0.135778
0.0461081           0.0886438            0.123753
0.0396659           0.0771318            0.109831
0.0331571            0.065095           0.0942246
0.0265927           0.0526154           0.0771738
0.0199836           0.0397778           0.0589398
0.013341           0.0266698           0.0398024
0.0066761           0.0133804           0.0200549
