eigenstate1         eigenstate2         eigenstate3           rotations                time      ofdiagonal sum     number of steps
0.00190275          0.00380483         -0.00570572              235774             4.10163         5.15772e-10                 175
0.00380489          0.00760481          -0.0113951
0.00570582           0.0113951          -0.0170518
0.00760493           0.0151709          -0.0226596
0.00950162           0.0189273          -0.0282024
0.0113953           0.0226596          -0.0336644
0.0132853           0.0263631          -0.0390299
0.0151711           0.0300329          -0.0442835
0.0170521           0.0336645          -0.0494101
0.0189276           0.0372531           -0.054395
0.0207971           0.0407943          -0.0592241
0.02266           0.0442835          -0.0638833
0.0245156           0.0477163          -0.0683594
0.0263635           0.0510883          -0.0726395
0.0282029           0.0543951          -0.0767113
0.0300334           0.0576327          -0.0805632
0.0318542           0.0607968          -0.0841842
0.033665           0.0638834          -0.0875638
0.035465           0.0668886          -0.0906924
0.0372537           0.0698086          -0.0935609
0.0390305           0.0726396          -0.0961613
0.0407949            0.075378          -0.0984859
0.0425463           0.0780204           -0.100528
0.0442842           0.0805633           -0.102282
0.0460079           0.0830036           -0.103743
0.047717           0.0853381           -0.104907
0.0494109           0.0875639           -0.105769
0.051089           0.0896781           -0.106329
0.0527508           0.0916779           -0.106583
0.0543959            0.093561           -0.106532
0.0560236           0.0953248           -0.106176
0.0576335           0.0969672           -0.105515
0.059225           0.0984859           -0.104552
0.0607976           0.0998792           -0.103289
0.0623508            0.101145            -0.10173
0.0638842            0.102282          -0.0998788
0.0653973            0.103289          -0.0977417
0.0668895            0.104164          -0.0953243
0.0683603            0.104906          -0.0926336
0.0698094            0.105515          -0.0896774
0.0712363            0.105989          -0.0864641
0.0726405            0.106329          -0.0830029
0.0740215            0.106532          -0.0793037
0.0753789              0.1066          -0.0753772
0.0767123            0.106532          -0.0712346
0.0780213            0.106328          -0.0668877
0.0793054            0.105989          -0.0623491
0.0805643            0.105515          -0.0576317
0.0817974            0.104906          -0.0527491
0.0830045            0.104164          -0.0477153
0.0841852            0.103288          -0.0425447
0.085339            0.102282          -0.0372521
0.0864657            0.101145          -0.0318527
0.0875648           0.0998785           -0.026362
0.088636           0.0984851          -0.0207958
0.0896789           0.0969663          -0.0151699
0.0906933           0.0953239         -0.00950047
0.0916788             0.09356         -0.00380384
0.0926351           0.0916769          0.00190369
0.0935618           0.0896769          0.00760577
0.0944588           0.0875627            0.013286
0.0953256           0.0853369           0.0189282
0.0961621           0.0830023           0.0245161
0.096968            0.080562           0.0300338
0.0977429            0.078019           0.0354653
0.0984867           0.0753766           0.0407951
0.0991991           0.0726381            0.046008
0.09988            0.069807            0.051089
0.100529            0.066887           0.0560235
0.101146           0.0638818           0.0607975
0.101731           0.0607951           0.0653971
0.102283            0.057631           0.0698092
0.102803           0.0543934           0.0740212
0.10329           0.0510865           0.0780209
0.103744           0.0477145            0.081797
0.104165           0.0442817           0.0853386
0.104553           0.0407925           0.0886356
0.104907           0.0372513           0.0916784
0.105228           0.0336626           0.0944584
0.105516            0.030031           0.0969675
0.10577           0.0263612           0.0991987
0.10599           0.0226577            0.101146
0.106176           0.0189254            0.102802
0.106329            0.015169            0.104164
0.106448           0.0113932            0.105228
0.106533          0.00760293             0.10599
0.106584          0.00380296            0.106448
0.1066        -1.86459e-06              0.1066
0.106583         -0.00380668            0.106447
0.106532         -0.00760665            0.105989
0.106448          -0.0113969            0.105227
0.106329          -0.0151727            0.104164
0.106176          -0.0189291            0.102802
0.105989          -0.0226614            0.101145
0.105769          -0.0263648           0.0991979
0.105515          -0.0300346           0.0969666
0.105227          -0.0336662           0.0944573
0.104906          -0.0372548           0.0916772
0.104552           -0.040796           0.0886342
0.104164          -0.0442851           0.0853372
0.103743          -0.0477179           0.0817955
0.103289          -0.0510898           0.0780194
0.102802          -0.0543966           0.0740195
0.102282          -0.0576341           0.0698074
0.101729          -0.0607982           0.0653952
0.101145          -0.0638848           0.0607956
0.100528            -0.06689           0.0560216
0.0998785          -0.0698099            0.051087
0.0991976          -0.0726408            0.046006
0.0984851          -0.0753792            0.040793
0.0977413          -0.0780216           0.0354632
0.0969663          -0.0805645           0.0300316
0.0961604          -0.0830047           0.0245139
0.0953239          -0.0853392            0.018926
0.094457          -0.0875649           0.0132838
0.09356          -0.0896791          0.00760355
0.0926332          -0.0916789          0.00190148
0.0916768          -0.0935619         -0.00380604
0.0906913          -0.0953257         -0.00950265
0.0896769           -0.096968           -0.015172
0.0886339          -0.0984868          -0.0207979
0.0875627            -0.09988          -0.0263641
0.0864635           -0.101146          -0.0318548
0.0853369           -0.102283          -0.0372541
0.084183            -0.10329          -0.0425467
0.0830023           -0.104165          -0.0477172
0.0817952           -0.104907           -0.052751
0.080562           -0.105516          -0.0576335
0.0793032            -0.10599          -0.0623508
0.078019           -0.106329          -0.0668894
0.0767101           -0.106533          -0.0712361
0.0753766           -0.106601          -0.0753787
0.0740192           -0.106533          -0.0793051
0.0726382           -0.106329          -0.0830042
0.071234            -0.10599          -0.0864654
0.0698072           -0.105515          -0.0896786
0.0683581           -0.104907          -0.0926348
0.0668872           -0.104164          -0.0953253
0.065395           -0.103289          -0.0977426
0.063882           -0.102282          -0.0998797
0.0623487           -0.101145            -0.10173
0.0607954          -0.0998791           -0.103289
0.0592228          -0.0984857           -0.104552
0.0576314          -0.0969669           -0.105516
0.0560215          -0.0953245           -0.106176
0.0543939          -0.0935607           -0.106533
0.0527489          -0.0916776           -0.106584
0.051087          -0.0896777           -0.106329
0.049409          -0.0875635           -0.105769
0.0477151          -0.0853377           -0.104907
0.0460061          -0.0830032           -0.103743
0.0442824          -0.0805629           -0.102282
0.0425446          -0.0780199           -0.100528
0.0407933          -0.0753775          -0.0984858
0.0390289          -0.0726391          -0.0961612
0.0372522           -0.069808          -0.0935608
0.0354635          -0.0668881          -0.0906922
0.0336636          -0.0638829          -0.0875636
0.0318529          -0.0607963           -0.084184
0.0300321          -0.0576322           -0.080563
0.0282017          -0.0543946          -0.0767111
0.0263623          -0.0510878          -0.0726392
0.0245146          -0.0477159          -0.0683591
0.022659          -0.0442831          -0.0638831
0.0207962          -0.0407939          -0.0592238
0.0189268          -0.0372528          -0.0543948
0.0170513          -0.0336641          -0.0494099
0.0151704          -0.0300326          -0.0442833
0.0132847          -0.0263628          -0.0390297
0.0113948          -0.0226594          -0.0336642
0.0095012          -0.0189271          -0.0282023
0.00760459          -0.0151707          -0.0226595
0.00570556           -0.011395          -0.0170517
0.00380472         -0.00760473           -0.011395
0.00190266         -0.00380479         -0.00570569
