eigenstate1         eigenstate2         eigenstate3           rotations                time      ofdiagonal sum     number of steps
0.00176588          -0.0031956           0.0047216              145661             50.7749        -3.65563e-09                 200
0.00353141         -0.00638815          0.00943292
0.00529621          -0.0095746           0.0141237
0.0070596          -0.0127513           0.0187828
0.00882096          -0.0159148           0.0233995
0.0105797          -0.0190616            0.027963
0.0123352          -0.0221883           0.0324628
0.0140869          -0.0252914           0.0368885
0.0158342          -0.0283678           0.0412299
0.0175766           -0.031414           0.0454771
0.0193134          -0.0344267           0.0496201
0.0210442          -0.0374027           0.0536495
0.0227682          -0.0403387           0.0575561
0.0244851          -0.0432317           0.0613307
0.0261941          -0.0460785           0.0649648
0.0278948          -0.0488759           0.0684499
0.0295865          -0.0516211            0.071778
0.0312688          -0.0543111           0.0749416
0.0329412           -0.056943           0.0779333
0.0346029          -0.0595139           0.0807462
0.0362537          -0.0620211           0.0833739
0.0378928          -0.0644619           0.0858103
0.0395197          -0.0668337             0.08805
0.0411341          -0.0691339           0.0900876
0.0427353          -0.0713602           0.0919187
0.0443228          -0.0735101            0.093539
0.0458962          -0.0755814           0.0949447
0.0474549          -0.0775718           0.0961327
0.0489985          -0.0794793           0.0971003
0.0505265          -0.0813017           0.0978453
0.0520383          -0.0830373           0.0983661
0.0535337          -0.0846841           0.0986613
0.055012          -0.0862405           0.0987305
0.0564728          -0.0877048           0.0985735
0.0579157          -0.0890754           0.0981906
0.0593403           -0.090351           0.0975829
0.0607462          -0.0915303           0.0967517
0.0621328          -0.0926119            0.095699
0.0634999          -0.0935948           0.0944272
0.064847          -0.0944781           0.0929393
0.0661737          -0.0952607           0.0912388
0.0674796           -0.095942           0.0893295
0.0687645          -0.0965212            0.087216
0.0700278          -0.0969978            0.084903
0.0712692          -0.0973713            0.082396
0.0724885          -0.0976415           0.0797007
0.0736853           -0.097808           0.0768233
0.0748592          -0.0978709           0.0737705
0.0760099          -0.0978299           0.0705492
0.0771372          -0.0976854           0.0671669
0.0782407          -0.0974375           0.0636313
0.0793202          -0.0970865           0.0599506
0.0803753          -0.0966328           0.0561332
0.0814059          -0.0960771           0.0521878
0.0824117            -0.09542           0.0481235
0.0833923          -0.0946623           0.0439495
0.0843477          -0.0938048           0.0396755
0.0852775          -0.0928485           0.0353112
0.0861816          -0.0917945           0.0308665
0.0870598           -0.090644           0.0263516
0.0879119          -0.0893982           0.0217767
0.0887376          -0.0880587           0.0171524
0.0895369          -0.0866268           0.0124891
0.0903096          -0.0851041          0.00779747
0.0910555          -0.0834923          0.00308812
0.0917745          -0.0817933         -0.00162825
0.0924665          -0.0800087         -0.00634092
0.0931314          -0.0781407          -0.0110392
0.093769          -0.0761911          -0.0157125
0.0943794          -0.0741622          -0.0203502
0.0949623          -0.0720561          -0.0249418
0.0955177           -0.069875           -0.029477
0.0960456          -0.0676214          -0.0339455
0.096546          -0.0652976          -0.0383372
0.0970187          -0.0629062          -0.0426423
0.0974638          -0.0604496          -0.0468511
0.0978812          -0.0579305          -0.0509541
0.098271          -0.0553515          -0.0549422
0.0986331          -0.0527155          -0.0588063
0.0989676          -0.0500251          -0.0625379
0.0992745          -0.0472832          -0.0661287
0.0995538          -0.0444927          -0.0695705
0.0998056          -0.0416565          -0.0728557
0.10003          -0.0387776          -0.0759772
0.100227          -0.0358589          -0.0789278
0.100396          -0.0329035          -0.0817011
0.100539          -0.0299146           -0.084291
0.100654          -0.0268951          -0.0866917
0.100742          -0.0238482           -0.088898
0.100803           -0.020777          -0.0909051
0.100837          -0.0176846          -0.0927086
0.100845          -0.0145744          -0.0943045
0.100826          -0.0114493          -0.0956895
0.100781         -0.00831272          -0.0968606
0.100709         -0.00516769          -0.0978152
0.100612         -0.00201744          -0.0985515
0.100488          0.00113484          -0.0990678
0.100339          0.00428598          -0.0993633
0.100164          0.00743282          -0.0994373
0.0999638           0.0105722          -0.0992899
0.0997386            0.013701          -0.0989216
0.0994883            0.016816          -0.0983332
0.0992134           0.0199143          -0.0975264
0.098914           0.0229927           -0.096503
0.0985903           0.0260483          -0.0952654
0.0982426           0.0290779          -0.0938166
0.0978711           0.0320787            -0.09216
0.0974761           0.0350476          -0.0902992
0.0970578            0.037982          -0.0882387
0.0966165           0.0408788          -0.0859831
0.0961525           0.0437353          -0.0835375
0.095666           0.0465487          -0.0809076
0.0951573           0.0493165          -0.0780991
0.0946267           0.0520358          -0.0751186
0.0940745           0.0547043          -0.0719726
0.093501           0.0573192          -0.0686682
0.0929064           0.0598783          -0.0652129
0.0922911           0.0623791          -0.0616143
0.0916554           0.0648192          -0.0578804
0.0909995           0.0671965          -0.0540196
0.0903239           0.0695087          -0.0500404
0.0896287           0.0717538          -0.0459516
0.0889144           0.0739296          -0.0417623
0.0881812           0.0760343          -0.0374817
0.0874295            0.078066          -0.0331193
0.0866596           0.0800228          -0.0286846
0.0858719           0.0819031          -0.0241874
0.0850665           0.0837051          -0.0196374
0.084244           0.0854275          -0.0150448
0.0834046           0.0870685          -0.0104194
0.0825486            0.088627         -0.00577143
0.0816765           0.0901016         -0.00111091
0.0807884            0.091491          0.00355202
0.0798849           0.0927942          0.00820725
0.0789661           0.0940101           0.0128447
0.0780325           0.0951377           0.0174544
0.0770843           0.0961763           0.0220264
0.076122           0.0971249           0.0265509
0.0751459           0.0979831           0.0310182
0.0741562           0.0987501           0.0354186
0.0731534           0.0994255           0.0397429
0.0721378            0.100009           0.0439817
0.0711096              0.1005           0.0481261
0.0700694            0.100898           0.0521673
0.0690172            0.101204           0.0560968
0.0679537            0.101417           0.0599061
0.0668789            0.101537           0.0635874
0.0657933            0.101564           0.0671329
0.0646972            0.101499           0.0705352
0.063591            0.101342           0.0737871
0.0624748            0.101093            0.076882
0.0613492            0.100753           0.0798133
0.0602143            0.100322           0.0825752
0.0590704           0.0998005           0.0851618
0.057918           0.0991899           0.0875679
0.0567573           0.0984907           0.0897886
0.0555886           0.0977036           0.0918195
0.0544122           0.0968298           0.0936564
0.0532284           0.0958701           0.0952958
0.0520375           0.0948257           0.0967343
0.0508398           0.0936976           0.0979692
0.0496355           0.0924872           0.0989981
0.048425           0.0911958           0.0998192
0.0472085           0.0898246            0.100431
0.0459863           0.0883752            0.100832
0.0447587           0.0868489            0.101023
0.0435258           0.0852475            0.101002
0.042288           0.0835724             0.10077
0.0410456           0.0818253            0.100329
0.0397987            0.080008           0.0996782
0.0385476           0.0781221           0.0988205
0.0372926           0.0761697           0.0977575
0.0360338           0.0741524           0.0964918
0.0347715           0.0720723           0.0950263
0.0335059           0.0699312           0.0933642
0.0322372           0.0677312           0.0915092
0.0309656           0.0654743           0.0894654
0.0296914           0.0631627           0.0872372
0.0284146           0.0607983           0.0848296
0.0271356           0.0583834           0.0822476
0.0258544             0.05592           0.0794969
0.0245713           0.0534105           0.0765832
0.0232864            0.050857           0.0735129
0.0219999           0.0482619           0.0702923
0.0207119           0.0456272           0.0669282
0.0194225           0.0429554           0.0634277
0.018132           0.0402487           0.0597982
0.0168404           0.0375095           0.0560471
0.0155479             0.03474           0.0521823
0.0142546           0.0319426           0.0482118
0.0129605           0.0291197           0.0441437
0.0116659           0.0262736           0.0399864
0.0103707           0.0234065           0.0357484
0.00907513            0.020521           0.0314385
0.0077792           0.0176193           0.0270653
0.00648301           0.0147038           0.0226377
0.00518662           0.0117768           0.0181647
0.00389007          0.00884057           0.0136554
0.00259343          0.00589751          0.00911877
0.00129673          0.00294989          0.00456394
