eigenstate1         eigenstate2         eigenstate3           rotations                time      ofdiagonal sum     number of steps
0.00155904          0.00311767          0.00467556              309609             56.0816         -1.6996e-09                 200
0.0031177           0.0062323          0.00934083
0.00467559          0.00934084           0.0139856
0.00623235           0.0124403           0.0185996
0.00778758           0.0155275           0.0231727
0.00934091           0.0185996           0.0276949
0.010892           0.0216535           0.0321562
0.0124403           0.0246863           0.0365468
0.0139857           0.0276949            0.040857
0.0155276           0.0306765           0.0450775
0.0170658           0.0336281           0.0491989
0.0185997           0.0365468           0.0532121
0.0201291           0.0394298           0.0571083
0.0216537           0.0422743           0.0608791
0.0231729           0.0450775           0.0645159
0.0246864           0.0478367            0.068011
0.026194           0.0505491           0.0713566
0.0276951           0.0532121           0.0745453
0.0291894           0.0558232           0.0775701
0.0306767           0.0583797           0.0804244
0.0321564           0.0608791           0.0831019
0.0336283           0.0633191           0.0855968
0.035092           0.0656971           0.0879035
0.036547            0.068011           0.0900169
0.0379932           0.0702585           0.0919325
0.0394301           0.0724373            0.093646
0.0408573           0.0745453           0.0951537
0.0422746           0.0765805           0.0964521
0.0436816           0.0785408           0.0975386
0.0450778           0.0804245           0.0984106
0.0464631           0.0822295           0.0990663
0.047837           0.0839542           0.0995043
0.0491992           0.0855968           0.0997235
0.0505494           0.0871558           0.0997235
0.0518873           0.0886297           0.0995042
0.0532125            0.090017           0.0990663
0.0545246           0.0913163           0.0984105
0.0558235           0.0925264           0.0975385
0.0571087            0.093646            0.096452
0.05838           0.0946742           0.0951535
0.059637           0.0956099           0.0936459
0.0608794           0.0964521           0.0919324
0.062107           0.0972001           0.0900168
0.0633194           0.0978532           0.0879033
0.0645163           0.0984106           0.0855966
0.0656975           0.0988719           0.0831017
0.0668626           0.0992365           0.0804242
0.0680114           0.0995042           0.0775698
0.0691436           0.0996747            0.074545
0.0702589           0.0997478           0.0713563
0.071357           0.0997234           0.0680107
0.0724377           0.0996016           0.0645156
0.0735007           0.0993824           0.0608787
0.0745457           0.0990662            0.057108
0.0755725           0.0986531           0.0532117
0.0765809           0.0981437           0.0491985
0.0775705           0.0975384           0.0450771
0.0785412           0.0968377           0.0408567
0.0794927           0.0960425           0.0365464
0.0804248           0.0951534           0.0321558
0.0813373           0.0941713           0.0276945
0.0822299           0.0930972           0.0231723
0.0831024           0.0919322           0.0185992
0.0839545           0.0906773           0.0139852
0.0847862           0.0893339          0.00934042
0.0855972           0.0879031          0.00467514
0.0863873           0.0863864        -4.10917e-07
0.0871562           0.0847854         -0.00467596
0.0879039           0.0831015         -0.00934124
0.0886301           0.0813364           -0.013986
0.0893346           0.0794918             -0.0186
0.0900173           0.0775696          -0.0231731
0.090678           0.0755716          -0.0276953
0.0913166           0.0734997          -0.0321565
0.0919329            0.071356          -0.0365472
0.0925267           0.0691426          -0.0408574
0.0930979           0.0668616          -0.0450779
0.0936463           0.0645153          -0.0491992
0.0941719            0.062106          -0.0532124
0.0946745            0.059636          -0.0571087
0.095154           0.0571077          -0.0608794
0.0956102           0.0545236          -0.0645162
0.096043           0.0518862          -0.0680113
0.0964524           0.0491982          -0.0713568
0.0968382           0.0464621          -0.0745455
0.0972004           0.0436805          -0.0775704
0.0975388           0.0408563          -0.0804247
0.0978534           0.0379922          -0.0831022
0.0981441            0.035091           -0.085597
0.0984108           0.0321554          -0.0879037
0.0986535           0.0291885          -0.0900171
0.0988721            0.026193          -0.0919327
0.0990665           0.0231719          -0.0936462
0.0992367           0.0201282          -0.0951538
0.0993827           0.0170648          -0.0964523
0.0995044           0.0139848          -0.0975387
0.0996018           0.0108911          -0.0984107
0.0996749          0.00778674          -0.0990664
0.0997236          0.00467477          -0.0995043
0.0997479          0.00155824          -0.0997235
0.0997479         -0.00155981          -0.0997235
0.0997235         -0.00467634          -0.0995043
0.0996748         -0.00778829          -0.0990663
0.0996017          -0.0108926          -0.0984105
0.0995043          -0.0139863          -0.0975385
0.0993825          -0.0170664           -0.096452
0.0992365          -0.0201298          -0.0951535
0.0990663          -0.0231734          -0.0936458
0.0988718          -0.0261945          -0.0919323
0.0986532            -0.02919          -0.0900167
0.0984105          -0.0321569          -0.0879032
0.0981438          -0.0350924          -0.0855965
0.0978531          -0.0379936          -0.0831016
0.0975384          -0.0408578          -0.0804241
0.0972          -0.0436819          -0.0775697
0.0968378          -0.0464634          -0.0745449
0.0964519          -0.0491996          -0.0713562
0.0960425          -0.0518876          -0.0680106
0.0956097          -0.0545249          -0.0645155
0.0951534           -0.057109          -0.0608786
0.094674          -0.0596372          -0.0571079
0.0941713          -0.0621072          -0.0532116
0.0936457          -0.0645165          -0.0491984
0.0930973          -0.0668628           -0.045077
0.092526          -0.0691437          -0.0408565
0.0919322          -0.0713571          -0.0365463
0.0913159          -0.0735008          -0.0321556
0.0906773          -0.0755726          -0.0276943
0.0900166          -0.0775706          -0.0231722
0.0893338          -0.0794928          -0.0185991
0.0886293          -0.0813373          -0.0139851
0.0879031          -0.0831024         -0.00934031
0.0871554          -0.0847863         -0.00467504
0.0863864          -0.0863873         5.15543e-07
0.0855964          -0.0879039          0.00467607
0.0847854          -0.0893346          0.00934134
0.0839537          -0.0906781           0.0139861
0.0831015          -0.0919329           0.0186001
0.082229          -0.0930979           0.0231732
0.0813364          -0.0941719           0.0276953
0.0804239           -0.095154           0.0321566
0.0794918           -0.096043           0.0365472
0.0785403          -0.0968383           0.0408575
0.0775696          -0.0975389           0.0450779
0.0765799          -0.0981441           0.0491993
0.0755716          -0.0986535           0.0532125
0.0745447          -0.0990666           0.0571087
0.0734997          -0.0993828           0.0608794
0.0724367          -0.0996019           0.0645163
0.071356          -0.0997237           0.0680113
0.0702579           -0.099748           0.0713569
0.0691426          -0.0996749           0.0745456
0.0680105          -0.0995044           0.0775704
0.0668617          -0.0992367           0.0804247
0.0656966           -0.098872           0.0831022
0.0645154          -0.0984107           0.0855971
0.0633185          -0.0978532           0.0879037
0.0621061          -0.0972002           0.0900172
0.0608785          -0.0964521           0.0919327
0.0596361          -0.0956099           0.0936462
0.0583791          -0.0946742           0.0951539
0.0571078           -0.093646           0.0964523
0.0558226          -0.0925263           0.0975388
0.0545238          -0.0913162           0.0984108
0.0532116          -0.0900169           0.0990665
0.0518864          -0.0886296           0.0995044
0.0505486          -0.0871557           0.0997236
0.0491984          -0.0855967           0.0997236
0.0478362           -0.083954           0.0995044
0.0464623          -0.0822293           0.0990664
0.045077          -0.0804243           0.0984107
0.0436808          -0.0785406           0.0975386
0.0422739          -0.0765803           0.0964522
0.0408566          -0.0745451           0.0951537
0.0394294          -0.0724371            0.093646
0.0379925          -0.0702583           0.0919325
0.0365464          -0.0680108           0.0900169
0.0350913          -0.0656969           0.0879034
0.0336277          -0.0633188           0.0855967
0.0321558          -0.0608789           0.0831019
0.0306761          -0.0583794           0.0804243
0.0291889           -0.055823             0.07757
0.0276946          -0.0532119           0.0745452
0.0261935          -0.0505489           0.0713565
0.024686          -0.0478365           0.0680109
0.0231724          -0.0450774           0.0645158
0.0216532          -0.0422742            0.060879
0.0201288          -0.0394297           0.0571082
0.0185994          -0.0365466            0.053212
0.0170654          -0.0336279           0.0491988
0.0155273          -0.0306763           0.0450774
0.0139854          -0.0276948            0.040857
0.0124401          -0.0246861           0.0365467
0.0108917          -0.0216534           0.0321561
0.00934072          -0.0185995           0.0276948
0.00778742          -0.0155274           0.0231726
0.00623222          -0.0124402           0.0185995
0.0046755          -0.0093408           0.0139855
0.00311763         -0.00623227          0.00934081
0.00155901         -0.00311766          0.00467555
