eigenstate1         eigenstate2         eigenstate3           rotations                time      ofdiagonal sum
0.00913931          -0.0111883           0.0125032              156093             279.871         3.83284e-09
0.0182482          -0.0222896           0.0248537
0.0272963          -0.0332176           0.0369006
0.0362538          -0.0438878           0.0484971
0.0450911          -0.0542175           0.0595021
0.0537796          -0.0641274           0.0697819
0.0622912          -0.0735414           0.0792123
0.0705989          -0.0823881           0.0876797
0.0786769          -0.0906006           0.0950828
0.0865006          -0.0981177            0.101334
0.0940466           -0.104884            0.106359
0.101293            -0.11085            0.110101
0.10822           -0.115974            0.112517
0.114809           -0.120221            0.113582
0.121043           -0.123562            0.113287
0.126908           -0.125976            0.111639
0.132389            -0.12745            0.108663
0.137476           -0.127979            0.104397
0.14216           -0.127565           0.0988985
0.146434           -0.126214           0.0922353
0.150292           -0.123945           0.0844907
0.153731            -0.12078           0.0757599
0.156749           -0.116747           0.0661488
0.159348           -0.111883           0.0557727
0.161528           -0.106229           0.0447548
0.163295          -0.0998305           0.0332247
0.164654          -0.0927391           0.0213164
0.165612            -0.08501           0.0091668
0.166178          -0.0767022         -0.00308589
0.166364          -0.0678776          -0.0153041
0.166179          -0.0586005          -0.0273523
0.165638          -0.0489374          -0.0390988
0.164754          -0.0389556           -0.050417
0.163543          -0.0287232           -0.061187
0.16202          -0.0183085          -0.0712969
0.160202         -0.00777913          -0.0806434
0.158106           0.0027983          -0.0891337
0.155751           0.0133587          -0.0966857
0.153154            0.023839           -0.103229
0.150334           0.0341788           -0.108705
0.14731           0.0443202           -0.113067
0.144101           0.0542091           -0.116283
0.140725           0.0637944           -0.118331
0.137202           0.0730294           -0.119203
0.133549            0.081871           -0.118904
0.129785           0.0902807            -0.11745
0.125928           0.0982242           -0.114868
0.121994            0.105672           -0.111195
0.118001            0.112598            -0.10648
0.113964            0.118983            -0.10078
0.109899             0.12481          -0.0941596
0.105821            0.130067          -0.0866912
0.101743            0.134747          -0.0784531
0.0976787            0.138846          -0.0695285
0.0936408            0.142366          -0.0600047
0.0896404             0.14531           -0.049972
0.0856883            0.147687          -0.0395221
0.0817943            0.149508           -0.028748
0.0779674            0.150787           -0.017742
0.0742157            0.151542         -0.00659544
0.0705465            0.151792          0.00460234
0.0669663            0.151559            0.015765
0.0634806            0.150866           0.0268099
0.0600945             0.14974           0.0376587
0.0568119            0.148207           0.0482377
0.0536363            0.146294           0.0584791
0.0505704             0.14403           0.0683204
0.0476162            0.141445           0.0777057
0.0447751            0.138567           0.0865852
0.042048            0.135427           0.0949157
0.0394351            0.132052            0.102661
0.0369362            0.128473            0.109791
0.0345505            0.124717            0.116282
0.032277            0.120811            0.122117
0.0301142            0.116783            0.127286
0.0280601            0.112658            0.131784
0.0261125             0.10846            0.135611
0.0242691            0.104212            0.138775
0.0225271           0.0999372            0.141285
0.0208836           0.0956551            0.143157
0.0193354           0.0913851            0.144412
0.0178795           0.0871446            0.145072
0.0165123           0.0829499            0.145164
0.0152306           0.0788157            0.144717
0.0140308           0.0747552            0.143763
0.0129094           0.0707802            0.142334
0.0118628           0.0669012            0.140466
0.0108875            0.063127            0.138195
0.00998007           0.0594656            0.135556
0.00913694           0.0559232            0.132587
0.00835473           0.0525052            0.129324
0.00763008           0.0492158            0.125803
0.00695973           0.0460579            0.122059
0.0063405           0.0430337            0.118128
0.00576931           0.0401443            0.114042
0.00524316             0.03739            0.109833
0.0047592           0.0347704            0.105532
0.00431466           0.0322843            0.101168
0.00390689             0.02993           0.0967666
0.00353338           0.0277051           0.0923543
0.00319171           0.0256068           0.0879539
0.00287961           0.0236319           0.0835865
0.00259489           0.0217768           0.0792716
0.0023355           0.0200375           0.0750264
0.00209953             0.01841           0.0708664
0.00188513           0.0168899           0.0668052
0.00169059           0.0154728           0.0628544
0.00151432           0.0141541           0.0590242
0.00135481           0.0129291           0.0553228
0.00121065           0.0117933           0.0517569
0.00108054           0.0107419           0.0483319
0.000963271          0.00977036           0.0450516
0.000857706          0.00887418           0.0419185
0.000762804          0.00804888           0.0389341
0.000677598          0.00729014           0.0360987
0.000601197          0.00659374           0.0334116
0.000532779           0.0059556           0.0308714
0.00047159          0.00537181           0.0284757
0.000416935          0.00483858           0.0262217
0.00036818          0.00435232           0.0241057
0.000324744           0.0039096           0.0221237
0.000286094          0.00350714           0.0202713
0.000251749          0.00314185           0.0185438
0.000221266          0.00281082            0.016936
0.000194247          0.00251128           0.0154429
0.000170326          0.00224067           0.0140589
0.000149177          0.00199654           0.0127787
0.000130501          0.00177665           0.0115969
0.000114029          0.00157888            0.010508
9.95203e-05          0.00140127          0.00950653
8.67561e-05            0.001242          0.00858729
7.55409e-05          0.00109939          0.00774506
6.56988e-05         0.000971873          0.00697482
5.70725e-05         0.000858026          0.00627167
4.95211e-05         0.000756528          0.00563093
4.2919e-05         0.000666169           0.0050481
3.71538e-05         0.000585841          0.00451886
3.21257e-05         0.000514533          0.00403911
2.77458e-05         0.000451322          0.00360499
2.39353e-05         0.000395366          0.00321281
2.06242e-05         0.000345903          0.00285912
1.77506e-05         0.000302241          0.00254067
1.52597e-05         0.000263752          0.00225443
1.31031e-05         0.000229871          0.00199757
1.12383e-05         0.000200087          0.00176743
9.62782e-06         0.000173941          0.00156158
8.23858e-06         0.000151019          0.00137774
7.04167e-06         0.000130953          0.00121383
6.01171e-06         0.000113409          0.00106791
5.12648e-06         9.80917e-05          0.00093821
4.36657e-06         8.47365e-05         0.000823112
3.71503e-06         7.31076e-05         0.000721127
3.15706e-06         6.29956e-05         0.000630901
2.67982e-06         5.42143e-05           0.0005512
2.2721e-06         4.65988e-05         0.000480903
1.92421e-06         4.00031e-05         0.000418995
1.62771e-06         3.42982e-05         0.000364556
1.37532e-06         2.93703e-05         0.000316757
1.16073e-06         2.51193e-05         0.000274851
9.785e-07         2.14569e-05         0.000238164
8.23935e-07         1.83058e-05         0.000206096
6.92991e-07         1.55981e-05         0.000178104
5.8219e-07         1.32746e-05         0.000153707
4.88546e-07         1.12833e-05         0.000132474
4.09495e-07         9.57886e-06         0.000114021
3.42843e-07         8.12192e-06         9.80077e-05
2.86712e-07         6.87813e-06         8.41311e-05
2.39497e-07         5.81768e-06         7.21232e-05
1.99829e-07         4.91471e-06         6.17473e-05
1.66541e-07         4.14681e-06         5.27942e-05
1.3864e-07         3.49463e-06         4.50798e-05
1.15281e-07         2.94142e-06         3.84419e-05
9.5749e-08         2.47278e-06         3.27385e-05
7.94357e-08         2.07627e-06         2.78447e-05
6.58266e-08         1.74123e-06         2.36515e-05
5.44871e-08         1.45848e-06         2.00636e-05
4.50496e-08         1.22016e-06         1.69978e-05
3.72043e-08         1.01955e-06         1.43817e-05
3.06904e-08         8.50894e-07         1.21526e-05
2.52882e-08         7.09279e-07         1.02556e-05
2.08132e-08          5.9052e-07         8.64364e-06
1.71107e-08         4.91053e-07         7.27563e-06
1.40508e-08         4.07848e-07         6.11625e-06
1.15251e-08         3.38334e-07         5.13503e-06
9.4426e-09         2.80331e-07          4.3057e-06
7.72765e-09         2.31994e-07         3.60569e-06
6.317e-09          1.9176e-07         3.01564e-06
5.15803e-09         1.58315e-07         2.51893e-06
4.20693e-09         1.30546e-07         2.10135e-06
3.4273e-09         1.07519e-07         1.75078e-06
2.78896e-09         8.84483e-08         1.45684e-06
2.26697e-09         7.26733e-08         1.21072e-06
1.84059e-09         5.96405e-08          1.0049e-06
1.49271e-09         4.88867e-08         8.33025e-07
1.20922e-09         4.00241e-08         6.89674e-07
9.7844e-10         3.27293e-08         5.70273e-07
7.90807e-10         2.67322e-08         4.70951e-07
6.38448e-10         2.18081e-08          3.8844e-07
5.14863e-10         1.77699e-08         3.19984e-07
4.1471e-10         1.44623e-08         2.63262e-07
3.33665e-10         1.17564e-08         2.16325e-07
2.68183e-10         9.54551e-09         1.77534e-07
2.1529e-10          7.7412e-09         1.45518e-07
1.72621e-10         6.27054e-09         1.19127e-07
1.38243e-10         5.07329e-09         9.74013e-08
1.10603e-10         4.09976e-09         7.95389e-08
8.84165e-11         3.30913e-09         6.48719e-08
7.05969e-11         2.66784e-09          5.2844e-08
5.62833e-11         2.14828e-09         4.29929e-08
4.47867e-11         1.72786e-09         3.49351e-08
3.56089e-11         1.38809e-09         2.83525e-08
2.82932e-11         1.11381e-09         2.29819e-08
2.24425e-11         8.92684e-10         1.86057e-08
1.77794e-11         7.14612e-10         1.50442e-08
1.4056e-11         5.71395e-10         1.21496e-08
1.10855e-11         4.56361e-10         9.79988e-09
8.72621e-12         3.64057e-10         7.89492e-09
6.8714e-12         2.90077e-10         6.35249e-09
5.37899e-12         2.30872e-10         5.10516e-09
4.18724e-12         1.83535e-10         4.09774e-09
3.2817e-12         1.45729e-10          3.2851e-09
2.57835e-12         1.15591e-10          2.6304e-09
2.0386e-12         9.15872e-11         2.10359e-09
1.60592e-12         7.24741e-11         1.68027e-09
1.25113e-12         5.72884e-11         1.34049e-09
9.83265e-13         4.52158e-11         1.06814e-09
7.68449e-13         3.56344e-11         8.50095e-10
6.06974e-13         2.80829e-11         6.75734e-10
4.78981e-13         2.21089e-11         5.36492e-10
3.98259e-13         1.73792e-11         4.25427e-10
3.27639e-13         1.36472e-11         3.36933e-10
2.68675e-13          1.0685e-11         2.66517e-10
1.94575e-13         8.37116e-12         2.10572e-10
9.21788e-14          6.5566e-12         1.66172e-10
2.04297e-14         5.13536e-12         1.30955e-10
3.21944e-15           4.018e-12         1.03058e-10
-2.05822e-15         3.12461e-12         8.10229e-11
-4.24716e-15         2.42282e-12         6.36376e-11
-4.31426e-14         1.86898e-12         4.99244e-11
-6.65682e-14         1.44272e-12         3.91171e-11
-8.53733e-14          1.0957e-12          3.0609e-11
-7.21209e-14         8.30886e-13          2.3938e-11
-6.82751e-14         6.29376e-13         1.87064e-11
-4.31068e-14         4.64243e-13          1.4572e-11
-1.64908e-14         3.32649e-13         1.13636e-11
5.74721e-15         2.40286e-13         8.86986e-12
2.40816e-14         1.85321e-13         6.89798e-12
4.66843e-14         1.26699e-13         5.36951e-12
5.27218e-14         1.08085e-13          4.1939e-12
6.10404e-14         1.08236e-13         3.27079e-12
6.49583e-14         9.58264e-14         2.54229e-12
8.43303e-14         9.16129e-14          1.9778e-12
6.96495e-14         9.08217e-14          1.5408e-12
6.50335e-14         1.14783e-13           1.206e-12
4.84246e-14         1.27234e-13         9.12731e-13
4.64012e-14         1.06081e-13         6.85975e-13
3.35582e-14         9.72744e-14         5.35874e-13
-2.00307e-15         9.70001e-14         4.15506e-13
-2.5322e-14         7.88285e-14         2.94951e-13
-4.66008e-14         8.54611e-14         2.05064e-13
-5.65705e-14         7.14414e-14         1.50042e-13
-6.26345e-14         3.19727e-14         9.23843e-14
-8.94439e-14          3.8699e-15          4.8721e-14
-9.83186e-14        -2.15211e-14         2.34775e-14
-9.08735e-14        -1.74269e-14         8.81645e-15
-9.17969e-14        -1.94086e-14        -7.24742e-15
-8.20543e-14        -3.90155e-14        -1.44316e-14
-7.36663e-14        -5.75595e-14        -3.89955e-14
-5.39157e-14        -8.27983e-14        -3.81749e-14
-5.3027e-14        -8.84376e-14        -2.65799e-14
-1.45555e-14        -8.70744e-14        -3.29693e-14
1.56586e-14        -7.04269e-14        -2.50047e-14
6.32336e-14         -7.1282e-14        -1.46961e-14
6.56597e-14        -7.10904e-14         -1.6631e-14
9.29872e-14        -6.91518e-14        -9.35012e-15
1.08712e-13        -6.59183e-14        -1.19517e-15
1.09784e-13        -5.20975e-14        -8.50508e-15
1.00401e-13        -3.71179e-14         1.53647e-14
1.2659e-13        -1.42143e-14         1.08925e-14
1.08353e-13         2.24788e-14        -1.12682e-14
1.1272e-13         3.79567e-14        -2.07766e-14
7.11657e-14          5.6795e-14        -2.30086e-14
6.44103e-14         6.00604e-14        -2.70658e-14
2.72593e-14         7.00859e-14        -1.42802e-14
5.82505e-15         9.70678e-14        -8.77484e-15
-3.68965e-14         1.16792e-13        -2.23894e-14
-6.63883e-14         1.12649e-13        -2.38446e-14
-8.88521e-14         1.07508e-13        -5.19551e-14
-9.63584e-14         8.90794e-14        -5.73929e-14
-1.20796e-13         7.50696e-14        -6.39451e-14
-1.02813e-13         5.38428e-14        -5.58292e-14
-1.01034e-13         5.10364e-14        -5.90412e-14
-1.20423e-13         4.70237e-14        -4.93895e-14
-1.47897e-13          1.2736e-14        -3.25762e-14
-1.21477e-13        -7.43333e-15        -5.38225e-14
-1.12949e-13         2.84585e-15        -5.19319e-14
-9.73811e-14        -1.81908e-14        -3.07511e-14
-4.80834e-14        -1.67757e-14         7.78849e-15
-1.65267e-14        -6.00005e-15        -8.53413e-15
3.7309e-16        -1.00347e-14        -6.75423e-15
