eigenstate1         eigenstate2         eigenstate3           rotations                time      ofdiagonal sum
0.0167829          -0.0205338           0.0229341               68410             46.2908         2.04084e-09
0.03344          -0.0407087           0.0452383
0.0498473          -0.0601725           0.0663006
0.0658836          -0.0785873           0.0855449
0.0814325          -0.0956354            0.102447
0.0963835           -0.111026            0.116551
0.110633           -0.124499            0.127478
0.124088           -0.135833            0.134942
0.136661           -0.144846            0.138752
0.14828           -0.151399             0.13882
0.158878           -0.155398            0.135161
0.168406           -0.156797             0.12789
0.176823           -0.155594             0.11722
0.184101           -0.151835            0.103453
0.190223           -0.145606            0.086971
0.195187           -0.137035           0.0682212
0.199           -0.126286            0.047706
0.20168           -0.113557           0.0259663
0.203256          -0.0990715          0.00356569
0.203767          -0.0830768          -0.0189249
0.203259          -0.0658368          -0.0409427
0.201788          -0.0476267          -0.0619485
0.199414          -0.0287278          -0.0814395
0.196204         -0.00942131          -0.0989622
0.192229            0.010016           -0.114122
0.187564           0.0293173           -0.126592
0.182285           0.0482296           -0.136119
0.17647           0.0665182           -0.142525
0.170196           0.0839693           -0.145714
0.16354            0.100393           -0.145666
0.156579            0.115626           -0.142434
0.149383             0.12953           -0.136144
0.142024            0.141999           -0.126985
0.134566             0.15295           -0.115201
0.127072            0.162331           -0.101085
0.119598            0.170116          -0.0849643
0.112196            0.176303          -0.0671977
0.104912            0.180915          -0.0481597
0.097789            0.183996          -0.0282332
0.0908621            0.185608         -0.00779924
0.0841625            0.185829            0.012771
0.0777161            0.184753           0.0331245
0.0715438            0.182482            0.052933
0.0656619            0.179128           0.0718989
0.0600821            0.174809           0.0897593
0.0548122            0.169645            0.106289
0.0498563            0.163757            0.121305
0.0452148            0.157266            0.134662
0.0408854            0.150289            0.146258
0.036863            0.142938            0.156031
0.0331402            0.135321            0.163954
0.0297076            0.127537            0.170038
0.0265543            0.119678            0.174323
0.0236681            0.111827            0.176879
0.0210359            0.104057            0.177799
0.0186435           0.0964355            0.177195
0.0164768           0.0890171            0.175196
0.0145212           0.0818494             0.17194
0.012762            0.074971            0.167575
0.0111847           0.0684124            0.162252
0.00977525           0.0621966            0.156121
0.00851982           0.0563394            0.149332
0.0074052           0.0508503            0.142027
0.00641875           0.0457333            0.134342
0.00554849           0.0409871            0.126406
0.00478315           0.0366064            0.118335
0.00411216           0.0325821            0.110234
0.00352571            0.028902            0.102196
0.00301472           0.0255517           0.0943048
0.00257083           0.0225148           0.0866281
0.00218639           0.0197736           0.0792242
0.00185445           0.0173096           0.0721396
0.00156868           0.0151036           0.0654102
0.0013234           0.0131366           0.0590622
0.0011135           0.0113893           0.0531127
0.000934383           0.0098433           0.0475712
0.000781997          0.00848045           0.0424399
0.000652725          0.00728353           0.0377151
0.000543378          0.00623618           0.0333883
0.000451153          0.00532301           0.0294464
0.000373591          0.00452966           0.0258732
0.000308547          0.00384282           0.0226502
0.000254156          0.00325027           0.0197567
0.000208803          0.00274082            0.017171
0.000171092          0.00230429           0.0148707
0.000139824          0.00193152           0.0128334
0.000113972          0.00161425           0.0110367
9.26559e-05          0.00134511          0.00945878
7.513e-05          0.00111755          0.00807883
6.07601e-05          0.00092577          0.00687685
4.90107e-05         0.000764663          0.00583406
3.94304e-05         0.000629757          0.00493292
3.16403e-05         0.000517152           0.0041572
2.53233e-05         0.000423456          0.00349197
2.02149e-05          0.00034574          0.00292365
1.60952e-05         0.000281478           0.0024399
1.27819e-05         0.000228506          0.00202966
1.01244e-05         0.000184976            0.001683
7.99867e-06         0.000149313          0.00139112
6.30297e-06         0.000120185          0.00114624
4.95394e-06         9.64663e-05         0.000941501
3.88361e-06         7.72109e-05          0.00077092
3.03669e-06         6.16257e-05         0.000629287
2.36836e-06         4.90489e-05         0.000512089
1.84237e-06         3.89299e-05         0.000415437
1.42952e-06         3.08124e-05         0.000335998
1.10633e-06         2.43199e-05         0.000270921
8.54021e-07         1.91423e-05         0.000217787
6.57561e-07         1.50253e-05         0.000174546
5.04999e-07         1.17613e-05          0.00013947
3.86842e-07         9.18099e-06          0.00011111
2.95573e-07         7.14711e-06         8.82521e-05
2.2526e-07         5.54855e-06         6.98889e-05
1.71236e-07         4.29576e-06          5.5183e-05
1.29836e-07         3.31676e-06         4.34431e-05
9.81947e-08          2.5539e-06         3.41003e-05
7.40753e-08         1.96115e-06         2.66885e-05
5.5738e-08         1.50189e-06         2.08267e-05
4.18335e-08         1.14706e-06         1.62052e-05
3.13179e-08         8.73699e-07         1.25726e-05
2.3386e-08         6.63685e-07         9.72618e-06
1.74187e-08         5.02795e-07         7.50249e-06
1.29411e-08         3.79882e-07         5.77058e-06
9.59008e-09         2.86246e-07         4.42576e-06
7.08875e-09         2.15112e-07         3.38465e-06
5.22652e-09         1.61222e-07         2.58108e-06
3.84377e-09          1.2051e-07          1.9627e-06
2.8197e-09         8.98377e-08         1.48824e-06
2.06323e-09         6.67938e-08         1.12529e-06
1.50592e-09         4.95286e-08         8.48451e-07
1.0964e-09         3.66285e-08         6.37922e-07
7.96182e-10         2.70165e-08         4.78286e-07
5.7669e-10          1.9874e-08         3.57594e-07
4.16671e-10          1.4581e-08          2.6661e-07
3.00317e-10         1.06694e-08         1.98222e-07
2.15936e-10         7.78656e-09         1.46966e-07
1.54808e-10         5.66766e-09         1.08661e-07
1.10719e-10         4.11439e-09         8.01176e-08
7.90211e-11         2.97896e-09         5.89086e-08
5.62331e-11         2.15121e-09         4.31946e-08
3.99133e-11         1.54939e-09         3.15852e-08
2.82232e-11         1.11298e-09         2.30325e-08
1.99383e-11         7.97352e-10         1.67496e-08
1.40956e-11         5.69753e-10         1.21473e-08
9.95973e-12         4.06034e-10         8.78546e-09
7.04347e-12         2.88584e-10         6.33672e-09
4.95092e-12         2.04563e-10         4.55803e-09
3.45938e-12         1.44632e-10         3.26966e-09
2.39072e-12          1.0197e-10         2.33908e-09
1.68496e-12          7.1696e-11         1.66884e-09
1.20223e-12         5.02969e-11         1.18741e-09
8.49413e-13         3.51965e-11         8.42586e-10
6.01494e-13         2.45407e-11         5.96271e-10
4.17504e-13         1.70828e-11         4.20834e-10
3.04956e-13         1.18642e-11         2.96219e-10
1.92111e-13         8.18615e-12         2.07964e-10
8.19472e-14          5.6439e-12         1.45599e-10
-1.55287e-15         3.83963e-12         1.01686e-10
-3.99016e-14         2.64097e-12         7.08419e-11
-3.46541e-14         1.82513e-12         4.92128e-11
-1.26691e-14         1.25642e-12         3.41118e-11
6.54239e-14         8.67597e-13         2.35532e-11
1.10053e-13         5.76221e-13         1.62154e-11
1.20808e-13         4.07065e-13         1.11248e-11
1.21097e-13          2.6773e-13         7.61665e-12
8.90122e-14         2.02325e-13         5.17418e-12
9.29718e-14         1.30717e-13         3.51082e-12
4.23547e-14         4.66763e-14         2.37316e-12
-3.34296e-14         4.28437e-14          1.5948e-12
-4.27387e-14         1.84782e-14          1.0973e-12
-4.86176e-14         2.13707e-14         7.31122e-13
-3.27632e-14         1.23839e-14         5.10337e-13
-2.36547e-14         2.29895e-14         3.53489e-13
-1.04794e-14         5.26896e-14          2.5554e-13
4.28643e-14         3.21232e-14         1.73608e-13
8.18785e-14         1.44542e-14          1.3143e-13
6.30782e-14        -9.07437e-15         1.17784e-13
5.20647e-14        -1.15147e-14         8.12272e-14
5.8651e-14        -2.44132e-14         6.18785e-14
4.70815e-14        -1.92551e-14         2.42931e-14
3.78462e-14        -1.31595e-14         3.09581e-15
1.96917e-14         -1.7601e-14         2.25271e-15
-6.7334e-15        -1.55402e-14        -9.34718e-15
2.28603e-14         1.68183e-14        -3.36952e-14
1.75399e-14         3.25631e-14        -3.75542e-14
1.57672e-14         3.20505e-14        -5.40306e-14
2.87536e-14         3.37677e-14        -5.68572e-14
-1.48432e-14           1.129e-14        -4.03614e-14
-1.65757e-14         2.42605e-15        -2.90602e-14
1.20411e-14        -2.14862e-14         1.37044e-15
5.11774e-14        -3.17471e-14         3.00503e-14
7.57621e-14        -1.45174e-14         5.23487e-14
3.391e-14        -2.48169e-14         3.67515e-14
-3.50493e-15        -2.20388e-14         3.10285e-14
-2.07638e-14         1.18445e-14         3.06766e-14
-4.86446e-14         2.57928e-14          4.0959e-14
-1.01443e-13         2.21034e-14          6.2169e-14
-1.4926e-13         5.94104e-15         2.94669e-14
-1.25062e-13         4.60815e-14         2.06895e-15
-7.20336e-14         2.78115e-14        -1.09198e-14
