eigenstate1         eigenstate2         eigenstate3           rotations                time      ofdiagonal sum     number of steps
0.00165947         -0.00315267         -0.00469395              145791             6.30822         2.22206e-10                 200
0.00331866         -0.00630248         -0.00937792
0.00497731          -0.0094466          -0.0140419
0.00663484          -0.0125816          -0.0186752
0.00829073          -0.0157042          -0.0232673
0.00994448           -0.018811          -0.0278076
0.0115956           -0.021899           -0.032286
0.0132436           -0.024965          -0.0366925
0.0148881          -0.0280057          -0.0410169
0.0165285           -0.031018          -0.0452497
0.0181643          -0.0339988          -0.0493812
0.0197952           -0.036945          -0.0534022
0.0214205          -0.0398537          -0.0573036
0.02304          -0.0427218          -0.0610765
0.024653          -0.0455464          -0.0647126
0.0262591          -0.0483245          -0.0682036
0.0278579          -0.0510534          -0.0715416
0.0294489          -0.0537301          -0.0747192
0.0310316           -0.056352          -0.0777292
0.0326056          -0.0589164          -0.0805648
0.0341705          -0.0614206          -0.0832197
0.0357258          -0.0638621          -0.0856878
0.0372711          -0.0662383          -0.0879636
0.0388059          -0.0685469          -0.0900421
0.0403297          -0.0707855          -0.0919185
0.0418423          -0.0729517          -0.0935886
0.043343          -0.0750433          -0.0950487
0.0448316          -0.0770583          -0.0962954
0.0463076          -0.0789946          -0.0973261
0.0477706          -0.0808502          -0.0981383
0.0492201          -0.0826231          -0.0987304
0.0506558          -0.0843117          -0.0991009
0.0520773          -0.0859142           -0.099249
0.0534841          -0.0874289          -0.0991744
0.054876          -0.0888543          -0.0988774
0.0562524           -0.090189          -0.0983585
0.0576131          -0.0914316          -0.0976189
0.0589577           -0.092581          -0.0966604
0.0602858          -0.0936358          -0.0954851
0.061597          -0.0945951          -0.0940957
0.0628909          -0.0954579          -0.0924952
0.0641673          -0.0962234          -0.0906873
0.0654259          -0.0968908          -0.0886762
0.0666661          -0.0974594          -0.0864662
0.0678878          -0.0979287          -0.0840624
0.0690907          -0.0982982          -0.0814702
0.0702743          -0.0985676          -0.0786955
0.0714384          -0.0987366          -0.0757444
0.0725827          -0.0988052          -0.0726236
0.0737069          -0.0987731          -0.0693402
0.0748107          -0.0986407          -0.0659014
0.0758938          -0.0984079          -0.0623151
0.0769559           -0.098075          -0.0585893
0.0779969          -0.0976425          -0.0547322
0.0790164          -0.0971108          -0.0507527
0.0800141          -0.0964805          -0.0466596
0.0809899          -0.0957523          -0.0424621
0.0819435          -0.0949269          -0.0381696
0.0828747          -0.0940052          -0.0337918
0.0837832          -0.0929882          -0.0293383
0.0846688          -0.0918769          -0.0248193
0.0855314          -0.0906726          -0.0202448
0.0863707          -0.0893765           -0.015625
0.0871865          -0.0879899          -0.0109703
0.0879787          -0.0865142          -0.0062911
0.0887471          -0.0849511         -0.00159785
0.0894915          -0.0833022          0.00309896
0.0902117           -0.081569          0.00778886
0.0909077          -0.0797535           0.0124614
0.0915793          -0.0778575           0.0171061
0.0922263           -0.075883           0.0217126
0.0928486           -0.073832           0.0262707
0.093446          -0.0717065           0.0307702
0.0940186          -0.0695089           0.0352011
0.0945662          -0.0672412           0.0395535
0.0950886          -0.0649059           0.0438178
0.0955859          -0.0625054           0.0479845
0.0960578           -0.060042           0.0520443
0.0965045          -0.0575183           0.0559882
0.0969257          -0.0549369           0.0598074
0.0973214          -0.0523004           0.0634936
0.0976917          -0.0496114           0.0670384
0.0980364          -0.0468727           0.0704341
0.0983555          -0.0440871           0.0736732
0.0986491          -0.0412573           0.0767486
0.098917          -0.0383863           0.0796533
0.0991594           -0.035477            0.082381
0.0993761          -0.0325321           0.0849258
0.0995672          -0.0295549           0.0872819
0.0997327          -0.0265481           0.0894444
0.0998727          -0.0235149           0.0914083
0.0999871          -0.0204582           0.0931694
0.100076          -0.0173812           0.0947238
0.10014          -0.0142869           0.0960683
0.100178          -0.0111784           0.0971998
0.100191         -0.00805876           0.0981159
0.100178         -0.00493114           0.0988147
0.10014         -0.00179863           0.0992947
0.100078          0.00133565           0.0995549
0.09999          0.00446862           0.0995948
0.0998773          0.00759716           0.0994144
0.0997399           0.0107182           0.0990142
0.0995778           0.0138286            0.098395
0.0993911           0.0169254           0.0975585
0.0991799           0.0200055           0.0965064
0.0989445           0.0230659           0.0952413
0.0986848           0.0261035           0.0937659
0.0984012           0.0291155           0.0920836
0.0980936           0.0320988           0.0901982
0.0977623           0.0350506           0.0881139
0.0974075            0.037968           0.0858354
0.0970292           0.0408482           0.0833678
0.0966277           0.0436883           0.0807166
0.0962032           0.0464856           0.0778877
0.0957558           0.0492375           0.0748874
0.0952857           0.0519413           0.0717224
0.0947932           0.0545943           0.0683996
0.0942784           0.0571941           0.0649265
0.0937415           0.0597381           0.0613108
0.0931827            0.062224           0.0575604
0.0926023           0.0646493           0.0536837
0.0920005           0.0670118           0.0496891
0.0913775           0.0693092           0.0455856
0.0907335           0.0715394           0.0413821
0.0900688           0.0737003           0.0370879
0.0893836           0.0757898           0.0327125
0.0886781            0.077806           0.0282655
0.0879527           0.0797471           0.0237566
0.0872074           0.0816112           0.0191957
0.0864427           0.0833966           0.0145928
0.0856587           0.0851016          0.00995809
0.0848558           0.0867248          0.00530159
0.0840341           0.0882646         0.000633518
0.0831939           0.0897196         -0.00403594
0.0823356           0.0910886         -0.00869659
0.0814594           0.0923704          -0.0133383
0.0805655           0.0935637          -0.0179509
0.0796542           0.0946676          -0.0225244
0.0787259           0.0956811          -0.0270489
0.0777808           0.0966033          -0.0315145
0.0768192           0.0974334          -0.0359115
0.0758413           0.0981708          -0.0402305
0.0748476           0.0988149          -0.0444621
0.0738381           0.0993652           -0.048597
0.0728134           0.0998212          -0.0526265
0.0717736            0.100183          -0.0565418
0.070719            0.100449          -0.0603345
0.0696499            0.100621          -0.0639964
0.0685667            0.100698          -0.0675196
0.0674696             0.10068          -0.0708967
0.066359            0.100567          -0.0741203
0.0652351            0.100359          -0.0771837
0.0640982            0.100057          -0.0800801
0.0629487           0.0996617          -0.0828036
0.0617868           0.0991726          -0.0853483
0.0606128           0.0985908          -0.0877087
0.0594271           0.0979168            -0.08988
0.0582299           0.0971514          -0.0918575
0.0570216           0.0962954          -0.0936371
0.0558024           0.0953498          -0.0952151
0.0545727           0.0943156          -0.0965882
0.0533327           0.0931938          -0.0977535
0.0520828           0.0919856          -0.0987087
0.0508232           0.0906923          -0.0994518
0.0495543            0.089315          -0.0999814
0.0482763           0.0878554           -0.100296
0.0469895           0.0863147           -0.100396
0.0456943           0.0846945           -0.100281
0.0443909           0.0829964          -0.0999512
0.0430796           0.0812222          -0.0994073
0.0417607           0.0793734          -0.0986506
0.0404345            0.077452          -0.0976831
0.0391013           0.0754598          -0.0965069
0.0377613           0.0733987          -0.0951245
0.0364149           0.0712707          -0.0935392
0.0350623           0.0690778          -0.0917544
0.0337038           0.0668221          -0.0897741
0.0323397           0.0645058          -0.0876025
0.0309702           0.0621311          -0.0852444
0.0295957           0.0597001          -0.0827051
0.0282163           0.0572152          -0.0799899
0.0268324           0.0546787          -0.0771048
0.0254441            0.052093           -0.074056
0.0240519           0.0494604          -0.0708501
0.0226559           0.0467834           -0.067494
0.0212563           0.0440645          -0.0639949
0.0198534           0.0413062          -0.0603603
0.0184476            0.038511          -0.0565979
0.0170389           0.0356814           -0.052716
0.0156277             0.03282          -0.0487226
0.0142141           0.0299295          -0.0446263
0.0127985           0.0270124          -0.0404359
0.011381           0.0240713          -0.0361603
0.00996189            0.021109          -0.0318084
0.00854134           0.0181281          -0.0273896
0.00711959           0.0151311          -0.0229131
0.00569684           0.0121209          -0.0183885
0.00427331          0.00909995          -0.0138253
0.00284919          0.00607106         -0.00923299
0.00142469          0.00303686         -0.00462134
