eigenstate1         eigenstate2         eigenstate3           rotations                time      ofdiagonal sum     number of steps
0.00155909           0.0031177         -0.00467557              309823              7.7885         1.85676e-09                 200
0.0031178          0.00623235         -0.00934086
0.00467575          0.00934091          -0.0139856
0.00623256           0.0124403          -0.0185996
0.00778785           0.0155276          -0.0231728
0.00934123           0.0185997          -0.0276949
0.0108923           0.0216537          -0.0321563
0.0124408           0.0246864          -0.0365469
0.0139862           0.0276951          -0.0408572
0.0155282           0.0306767          -0.0450776
0.0170663           0.0336283           -0.049199
0.0186004            0.036547          -0.0532122
0.0201298           0.0394301          -0.0571085
0.0216544           0.0422746          -0.0608792
0.0231737           0.0450778          -0.0645161
0.0246873            0.047837          -0.0680111
0.0261948           0.0505494          -0.0713567
0.027696           0.0532124          -0.0745454
0.0291904           0.0558235          -0.0775702
0.0306777             0.05838          -0.0804245
0.0321575           0.0608794           -0.083102
0.0336294           0.0633194          -0.0855969
0.0350931           0.0656975          -0.0879035
0.0365482           0.0680114           -0.090017
0.0379944           0.0702588          -0.0919325
0.0394314           0.0724376           -0.093646
0.0408587           0.0745456          -0.0951536
0.042276           0.0765808          -0.0964521
0.0436829           0.0785411          -0.0975385
0.0450792           0.0804247          -0.0984105
0.0464645           0.0822297          -0.0990662
0.0478385           0.0839544          -0.0995041
0.0492007            0.085597          -0.0997232
0.050551            0.087156          -0.0997232
0.0518889           0.0886299          -0.0995039
0.0532141           0.0900171          -0.0990659
0.0545263           0.0913164          -0.0984101
0.0558251           0.0925264           -0.097538
0.0571104           0.0936461          -0.0964515
0.0583817           0.0946742           -0.095153
0.0596387           0.0956098          -0.0936453
0.0608812            0.096452          -0.0919317
0.0621088              0.0972          -0.0900161
0.0633212            0.097853          -0.0879025
0.0645181           0.0984104          -0.0855958
0.0656993           0.0988716          -0.0831008
0.0668644           0.0992362          -0.0804232
0.0680132           0.0995038          -0.0775689
0.0691454           0.0996743           -0.074544
0.0702607           0.0997473          -0.0713552
0.0713588           0.0997229          -0.0680096
0.0724395            0.099601          -0.0645144
0.0735025           0.0993818          -0.0608775
0.0745475           0.0990655          -0.0571067
0.0755743           0.0986524          -0.0532104
0.0765827           0.0981429          -0.0491972
0.0775723           0.0975375          -0.0450757
0.078543           0.0968368          -0.0408552
0.0794945           0.0960415          -0.0365449
0.0804266           0.0951523          -0.0321543
0.081339           0.0941702          -0.0276929
0.0822316            0.093096          -0.0231707
0.0831041           0.0919309          -0.0185976
0.0839562            0.090676          -0.0139836
0.0847879           0.0893324          -0.0093388
0.0855989           0.0879016         -0.00467351
0.0863889           0.0863849         2.05909e-06
0.0871578           0.0847837          0.00467762
0.0879055           0.0830998           0.0093429
0.0886316           0.0813346           0.0139876
0.0893361             0.07949           0.0186016
0.0900188           0.0775677           0.0231747
0.0906795           0.0755696           0.0276969
0.091318           0.0734976           0.0321582
0.0919343           0.0713539           0.0365488
0.092528           0.0691404            0.040859
0.0930992           0.0668594           0.0450794
0.0936476            0.064513           0.0492007
0.0941732           0.0621036           0.0532139
0.0946757           0.0596336           0.0571101
0.0951551           0.0571052           0.0608808
0.0956113           0.0545211           0.0645176
0.0960441           0.0518837           0.0680126
0.0964534           0.0491956           0.0713581
0.0968392           0.0464594           0.0745467
0.0972013           0.0436778           0.0775715
0.0975397           0.0408535           0.0804257
0.0978543           0.0379894           0.0831032
0.0981449           0.0350881           0.0855979
0.0984116           0.0321525           0.0879045
0.0986542           0.0291855           0.0900179
0.0988727             0.02619           0.0919334
0.0990671           0.0231689           0.0936468
0.0992372           0.0201252           0.0951543
0.0993832           0.0170618           0.0964527
0.0995048           0.0139817            0.097539
0.0996021            0.010888            0.098411
0.0996752          0.00778363           0.0990666
0.0997238          0.00467165           0.0995044
0.0997481          0.00155512           0.0997235
0.099748         -0.00156294           0.0997234
0.0997236         -0.00467947           0.0995041
0.0996748         -0.00779143            0.099066
0.0996016          -0.0108958           0.0984102
0.0995042          -0.0139895            0.097538
0.0993824          -0.0170695           0.0964514
0.0992363          -0.0201329           0.0951528
0.099066          -0.0231765           0.0936451
0.0988715          -0.0261976           0.0919315
0.0986528           -0.029193           0.0900158
0.0984101          -0.0321599           0.0879022
0.0981433          -0.0350954           0.0855954
0.0978525          -0.0379966           0.0831004
0.0975378          -0.0408607           0.0804228
0.0971993          -0.0436848           0.0775684
0.096837          -0.0464663           0.0745435
0.0964511          -0.0492024           0.0713547
0.0960417          -0.0518904            0.068009
0.0956087          -0.0545277           0.0645139
0.0951524          -0.0571117           0.0608769
0.0946729          -0.0596399           0.0571061
0.0941703          -0.0621098           0.0532098
0.0936446          -0.0645191           0.0491966
0.0930961          -0.0668653           0.0450751
0.0925248          -0.0691461           0.0408546
0.0919309          -0.0713595           0.0365443
0.0913146           -0.073503           0.0321537
0.0906759          -0.0755748           0.0276923
0.0900152          -0.0775727           0.0231701
0.0893324          -0.0794949            0.018597
0.0886278          -0.0813393            0.013983
0.0879015          -0.0831043          0.00933825
0.0871538          -0.0847881          0.00467297
0.0863848          -0.0863891        -2.58044e-06
0.0855947          -0.0879056         -0.00467812
0.0847837          -0.0893363         -0.00934338
0.083952          -0.0906796          -0.0139881
0.0830997          -0.0919344          -0.0186021
0.0822272          -0.0930993          -0.0231752
0.0813346          -0.0941733          -0.0276973
0.0804221          -0.0951552          -0.0321586
0.07949          -0.0960442          -0.0365491
0.0785384          -0.0968393          -0.0408593
0.0775677          -0.0975399          -0.0450797
0.076578          -0.0981451          -0.0492011
0.0755696          -0.0986544          -0.0532142
0.0745428          -0.0990673          -0.0571104
0.0734977          -0.0993835           -0.060881
0.0724347          -0.0996025          -0.0645178
0.071354          -0.0997242          -0.0680128
0.0702559          -0.0997485          -0.0713583
0.0691406          -0.0996753          -0.0745469
0.0680084          -0.0995047          -0.0775717
0.0668597           -0.099237          -0.0804259
0.0656945          -0.0988722          -0.0831034
0.0645134          -0.0984108          -0.0855981
0.0633165          -0.0978533          -0.0879048
0.0621041          -0.0972002          -0.0900181
0.0608765          -0.0964521          -0.0919336
0.0596341          -0.0956098           -0.093647
0.0583771          -0.0946741          -0.0951546
0.0571059          -0.0936458           -0.096453
0.0558207          -0.0925261          -0.0975394
0.0545218          -0.0913159          -0.0984113
0.0532097          -0.0900166           -0.099067
0.0518845          -0.0886292          -0.0995048
0.0505467          -0.0871553           -0.099724
0.0491966          -0.0855963          -0.0997239
0.0478344          -0.0839536          -0.0995046
0.0464605          -0.0822288          -0.0990666
0.0450753          -0.0804238          -0.0984108
0.0436791          -0.0785401          -0.0975387
0.0422722          -0.0765798          -0.0964522
0.040855          -0.0745445          -0.0951537
0.0394278          -0.0724365           -0.093646
0.037991          -0.0702577          -0.0919324
0.0365449          -0.0680102          -0.0900168
0.0350899          -0.0656963          -0.0879033
0.0336263          -0.0633183          -0.0855966
0.0321545          -0.0608783          -0.0831017
0.0306748          -0.0583789          -0.0804241
0.0291877          -0.0558224          -0.0775698
0.0276934          -0.0532114          -0.0745449
0.0261923          -0.0505484          -0.0713562
0.0246849           -0.047836          -0.0680106
0.0231714          -0.0450769          -0.0645156
0.0216523          -0.0422737          -0.0608787
0.0201279          -0.0394292           -0.057108
0.0185985          -0.0365462          -0.0532118
0.0170647          -0.0336275          -0.0491985
0.0155266           -0.030676          -0.0450772
0.0139848          -0.0276944          -0.0408568
0.0124395          -0.0246858          -0.0365465
0.0108912          -0.0216531          -0.0321559
0.0093403          -0.0185993          -0.0276947
0.00778707          -0.0155272          -0.0231725
0.00623194            -0.01244          -0.0185994
0.00467529         -0.00934068          -0.0139855
0.00311749         -0.00623219         -0.00934076
0.00155894         -0.00311762         -0.00467552
