eigenstate1         eigenstate2         eigenstate3           rotations                time      ofdiagonal sum     number of steps
0.000316441        -0.000997012          0.00195601               70160             5.97444        -4.17031e-10                 200
0.000648458         -0.00204218          0.00400385
0.00101239         -0.00318597          0.00623966
0.00140085         -0.00440399           0.0086124
0.00181156          -0.0056879           0.0111024
0.00224351         -0.00703323           0.0136973
0.00269614          -0.0084369           0.0163873
0.00316914         -0.00989652           0.0191639
0.00366231            -0.01141           0.0220188
0.00417552          -0.0129753           0.0249442
0.00470867          -0.0145906            0.027932
0.00526169           -0.016254           0.0309741
0.00583454          -0.0179636           0.0340625
0.00642715          -0.0197175           0.0371888
0.00703947          -0.0215136           0.0403447
0.00767146          -0.0233499           0.0435214
0.00832304          -0.0252242           0.0467104
0.00899415          -0.0271345           0.0499027
0.0096847          -0.0290783           0.0530895
0.0103946          -0.0310533           0.0562617
0.0111238          -0.0330572           0.0594102
0.0118721          -0.0350875           0.0625258
0.0126395          -0.0371415           0.0655995
0.0134257          -0.0392167            0.068622
0.0142307          -0.0413103           0.0715842
0.0150542          -0.0434197            0.074477
0.0158961          -0.0455419           0.0772914
0.0167562          -0.0476742           0.0800185
0.0176343          -0.0498136           0.0826496
0.0185302          -0.0519571           0.0851759
0.0194435          -0.0541017           0.0875892
0.0203742          -0.0562444            0.089881
0.0213219           -0.058382           0.0920435
0.0222862          -0.0605114           0.0940688
0.023267          -0.0626295           0.0959496
0.0242639           -0.064733           0.0976786
0.0252766          -0.0668188            0.099249
0.0263047          -0.0688837            0.100654
0.0273479          -0.0709243            0.101888
0.0284058          -0.0729375            0.102946
0.0294781          -0.0749201            0.103821
0.0305642          -0.0768688            0.104509
0.0316639          -0.0787803            0.105005
0.0327766          -0.0806516            0.105306
0.0339019          -0.0824793            0.105408
0.0350394          -0.0842604            0.105308
0.0361885          -0.0859917            0.105004
0.0373489            -0.08767            0.104494
0.0385199          -0.0892925            0.103776
0.0397011          -0.0908559            0.102849
0.040892          -0.0923575            0.101713
0.042092          -0.0937943            0.100369
0.0433005          -0.0951633           0.0988169
0.044517           -0.096462           0.0970583
0.0457409          -0.0976875           0.0950951
0.0469716          -0.0988373           0.0929298
0.0482085          -0.0999087           0.0905654
0.0494509           -0.100899           0.0880056
0.0506984           -0.101807           0.0852545
0.0519501           -0.102629           0.0823168
0.0532056           -0.103363           0.0791978
0.054464           -0.104008           0.0759031
0.0557248           -0.104561           0.0724391
0.0569872           -0.105021           0.0688125
0.0582507           -0.105385           0.0650306
0.0595144           -0.105652           0.0611012
0.0607777           -0.105821           0.0570324
0.0620398            -0.10589           0.0528328
0.0633001           -0.105858           0.0485116
0.0645579           -0.105724            0.044078
0.0658123           -0.105487           0.0395419
0.0670626           -0.105146           0.0349135
0.0683082             -0.1047           0.0302032
0.0695481           -0.104149           0.0254217
0.0707818           -0.103492           0.0205802
0.0720085           -0.102729           0.0156898
0.0732272           -0.101859            0.010762
0.0744374           -0.100884          0.00580843
0.0756382           -0.099803         0.000840955
0.0768289          -0.0986161         -0.00412855
0.0780086          -0.0973241         -0.00908807
0.0791767          -0.0959275          -0.0140256
0.0803323          -0.0944271           -0.018929
0.0814746          -0.0928238          -0.0237862
0.0826028          -0.0911187          -0.0285852
0.0837163          -0.0893131          -0.0333141
0.0848142          -0.0874083          -0.0379611
0.0858957          -0.0854058          -0.0425144
0.0869601          -0.0833073          -0.0469626
0.0880065          -0.0811147          -0.0512942
0.0890343          -0.0788298          -0.0554984
0.0900427          -0.0764549          -0.0595642
0.0910308          -0.0739921          -0.0634813
0.091998          -0.0714439          -0.0672393
0.0929435          -0.0688129          -0.0708286
0.0938665          -0.0661015          -0.0742398
0.0947664          -0.0633128          -0.0774637
0.0956423          -0.0604495           -0.080492
0.0964936          -0.0575148          -0.0833165
0.0973196          -0.0545119          -0.0859297
0.0981194          -0.0514439          -0.0883244
0.0988926          -0.0483143          -0.0904942
0.0996382          -0.0451267          -0.0924331
0.100356          -0.0418846          -0.0941357
0.101045          -0.0385918          -0.0955973
0.101704          -0.0352521          -0.0968136
0.102333          -0.0318693          -0.0977811
0.102932          -0.0284475          -0.0984969
0.103499          -0.0249908          -0.0989588
0.104034          -0.0215032           -0.099165
0.104537           -0.017989          -0.0991148
0.105006          -0.0144526          -0.0988077
0.105442          -0.0108981          -0.0982443
0.105844         -0.00732996          -0.0974255
0.10621         -0.00375267          -0.0963532
0.106542         -0.00017067          -0.0950298
0.106838          0.00341155          -0.0934584
0.107097          0.00698945          -0.0916427
0.10732           0.0105585          -0.0895872
0.107505           0.0141141           -0.087297
0.107653           0.0176518          -0.0847776
0.107763           0.0211669          -0.0820356
0.107835           0.0246548          -0.0790777
0.107867           0.0281111          -0.0759116
0.107861           0.0315313          -0.0725453
0.107815           0.0349107          -0.0689874
0.107729            0.038245          -0.0652473
0.107603           0.0415296          -0.0613344
0.107437           0.0447603          -0.0572591
0.10723           0.0479328          -0.0530319
0.106982           0.0510426           -0.048664
0.106694           0.0540857          -0.0441666
0.106364           0.0570578          -0.0395518
0.105992            0.059955          -0.0348317
0.105579           0.0627733          -0.0300187
0.105124           0.0655088          -0.0251255
0.104628           0.0681577          -0.0201653
0.10409           0.0707163          -0.0151512
0.10351           0.0731812          -0.0100965
0.102888           0.0755487         -0.00501471
0.102224           0.0778157         8.04748e-05
0.101518           0.0799789          0.00517545
0.10077           0.0820351           0.0102565
0.0999812           0.0839816             0.01531
0.0991502           0.0858155           0.0203223
0.0982777           0.0875341           0.0252799
0.0973638           0.0891349           0.0301694
0.0964088           0.0906156           0.0349775
0.0954127            0.091974           0.0396911
0.0943758            0.093208           0.0442976
0.0932984           0.0943159           0.0487843
0.0921808           0.0952959            0.053139
0.0910232           0.0961464           0.0573498
0.0898259           0.0968663           0.0614052
0.0885893           0.0974541           0.0652942
0.0873138           0.0979091           0.0690059
0.0859997           0.0982304           0.0725303
0.0846476           0.0984173           0.0758577
0.0832577           0.0984694           0.0789787
0.0818307           0.0983865           0.0818849
0.0803669           0.0981685           0.0845681
0.0788669           0.0978155           0.0870209
0.0773313           0.0973279           0.0892365
0.0757606           0.0967061           0.0912086
0.0741553           0.0959508           0.0929318
0.0725162            0.095063           0.0944012
0.0708437           0.0940437           0.0956126
0.0691386           0.0928942           0.0965625
0.0674016           0.0916158           0.0972482
0.0656333           0.0902103           0.0976677
0.0638345           0.0886794           0.0978197
0.0620059           0.0870251           0.0977035
0.0601483           0.0852497           0.0973195
0.0582624           0.0833554           0.0966684
0.056349           0.0813447           0.0957519
0.054409           0.0792204           0.0945725
0.0524432           0.0769853           0.0931331
0.0504525           0.0746425           0.0914377
0.0484377            0.072195           0.0894907
0.0463998           0.0696463           0.0872975
0.0443396           0.0669998           0.0848639
0.042258           0.0642591           0.0821964
0.0401561           0.0614281           0.0793025
0.0380348           0.0585106           0.0761898
0.035895           0.0555106            0.072867
0.0337378           0.0524323            0.069343
0.0315641             0.04928           0.0656276
0.0293751            0.046058           0.0617309
0.0271716            0.042771           0.0576635
0.0249548           0.0394234           0.0534368
0.0227257           0.0360199           0.0490622
0.0204854           0.0325654           0.0445519
0.018235           0.0290647           0.0399182
0.0159755           0.0255227            0.035174
0.0137082           0.0219445           0.0303323
0.0114339            0.018335           0.0254065
0.00915403           0.0146995           0.0204103
0.00686954            0.011043           0.0153575
0.00458161          0.00737074           0.0102621
0.00229138            0.003688          0.00513818
