eigenstate1         eigenstate2         eigenstate3           rotations                time      ofdiagonal sum     number of steps
0.00223093         -0.00392834          0.00577846              111185             3.74769         1.15394e-10                 175
0.00446125         -0.00785172           0.0115404
0.00669034          -0.0117652           0.0172693
0.00891697          -0.0156627           0.0229473
0.01114          -0.0195385           0.0285568
0.0133585          -0.0233868           0.0340806
0.0155713          -0.0272021           0.0395019
0.0177774          -0.0309789           0.0448041
0.0199758          -0.0347116           0.0499711
0.0221654          -0.0383948            0.054987
0.0243453          -0.0420232           0.0598367
0.0265145          -0.0455915           0.0645054
0.028672          -0.0490946           0.0689787
0.0308167          -0.0525273           0.0732432
0.0329477          -0.0558849           0.0772859
0.0350641          -0.0591623           0.0810944
0.0371649          -0.0623549           0.0846572
0.0392491          -0.0654581           0.0879635
0.0413159          -0.0684675           0.0910033
0.0433642          -0.0713787           0.0937673
0.0453933          -0.0741875           0.0962472
0.0474021            -0.07689           0.0984355
0.0493898          -0.0794823            0.100326
0.0513556          -0.0819606            0.101912
0.0532986          -0.0843216            0.103189
0.0552179          -0.0865618            0.104154
0.0571127           -0.088678            0.104804
0.0589823          -0.0906674            0.105136
0.0608258          -0.0925271             0.10515
0.0626425          -0.0942545            0.104846
0.0644316          -0.0958472            0.104225
0.0661924          -0.0973031            0.103289
0.0679241          -0.0986201             0.10204
0.0696261          -0.0997964            0.100483
0.0712977           -0.100831            0.098622
0.0729382           -0.101721           0.0964634
0.074547           -0.102467           0.0940135
0.0761234           -0.103067           0.0912799
0.0776669            -0.10352           0.0882708
0.0791769           -0.103827           0.0849955
0.0806529           -0.103986           0.0814639
0.0820942           -0.103998           0.0776868
0.0835005           -0.103862           0.0736757
0.0848711            -0.10358           0.0694428
0.0862057           -0.103151           0.0650009
0.0875038           -0.102577           0.0603634
0.0887649           -0.101858           0.0555445
0.0899887           -0.100995           0.0505586
0.0911748          -0.0999902           0.0454208
0.0923228          -0.0988449           0.0401467
0.0934325          -0.0975607           0.0347521
0.0945034          -0.0961397           0.0292533
0.0955353           -0.094584           0.0236668
0.096528          -0.0928959           0.0180095
0.0974813           -0.091078           0.0122982
0.0983948          -0.0891331          0.00655011
0.0992684          -0.0870638          0.00078244
0.100102          -0.0848734         -0.00498757
0.100895           -0.082565          -0.0107427
0.101648          -0.0801419          -0.0164657
0.102361          -0.0776078          -0.0221397
0.103033          -0.0749663          -0.0277476
0.103665          -0.0722211          -0.0332729
0.104256          -0.0693763          -0.0386992
0.104806          -0.0664359          -0.0440104
0.105316          -0.0634041          -0.0491908
0.105785          -0.0602852          -0.0542251
0.106214          -0.0570837          -0.0590985
0.106602           -0.053804          -0.0637967
0.10695          -0.0504508          -0.0683058
0.107258          -0.0470287          -0.0726127
0.107525          -0.0435426          -0.0767048
0.107753          -0.0399973          -0.0805702
0.107941          -0.0363977          -0.0841976
0.10809          -0.0327488          -0.0875766
0.108199          -0.0290556          -0.0906974
0.108269          -0.0253232           -0.093551
0.108301          -0.0215567          -0.0961292
0.108294          -0.0177612          -0.0984248
0.108248          -0.0139419           -0.100431
0.108165          -0.0101039           -0.102143
0.108044         -0.00625245           -0.103555
0.107886         -0.00239264           -0.104664
0.10769          0.00147035           -0.105466
0.107459           0.0053314            -0.10596
0.107191          0.00918538           -0.106145
0.106887           0.0130272           -0.106019
0.106548           0.0168519           -0.105585
0.106175           0.0206543           -0.104843
0.105766           0.0244297           -0.103796
0.105324           0.0281731           -0.102448
0.104848           0.0318796           -0.100802
0.104339           0.0355446          -0.0988639
0.103798           0.0391633          -0.0966393
0.103225           0.0427313           -0.094135
0.10262           0.0462439          -0.0913587
0.101983           0.0496968          -0.0883186
0.101317           0.0530858          -0.0850238
0.10062           0.0564066          -0.0814841
0.0998944           0.0596551            -0.07771
0.0991395           0.0628274          -0.0737125
0.0983564           0.0659197          -0.0695035
0.0975455           0.0689283          -0.0650953
0.0967075           0.0718495          -0.0605006
0.0958428           0.0746799           -0.055733
0.0949522           0.0774163          -0.0508061
0.0940361           0.0800554          -0.0457344
0.0930952           0.0825942          -0.0405323
0.09213           0.0850298           -0.035215
0.0911412           0.0873596          -0.0297975
0.0901293            0.089581          -0.0242956
0.089095           0.0916914          -0.0187247
0.0880388           0.0936888          -0.0131009
0.0869614           0.0955709         -0.00744005
0.0858633           0.0973359         -0.00175821
0.0847452           0.0989819          0.00392859
0.0836076            0.100507          0.00960434
0.0824511            0.101911           0.0152531
0.0812764            0.103191            0.020859
0.0800839            0.104346           0.0264065
0.0788744            0.105377           0.0318801
0.0776484            0.106281           0.0372647
0.0764065            0.107058           0.0425453
0.0751492            0.107708           0.0477073
0.0738771             0.10823           0.0527367
0.0725909            0.108624           0.0576196
0.071291            0.108891           0.0623428
0.069978             0.10903           0.0668934
0.0686524            0.109042           0.0712591
0.0673149            0.108927           0.0754281
0.0659659            0.108685           0.0793894
0.0646059            0.108318           0.0831323
0.0632355            0.107827           0.0866469
0.0618552            0.107212           0.0899239
0.0604655            0.106475           0.0929549
0.0590669            0.105617           0.0957319
0.0576599            0.104639           0.0982477
0.0562449            0.103544            0.100496
0.0548223            0.102332            0.102471
0.0533928            0.101006            0.104168
0.0519566           0.0995682            0.105583
0.0505142           0.0980197            0.106713
0.0490661           0.0963631            0.107555
0.0476126           0.0946007            0.108106
0.0461542            0.092735            0.108368
0.0446912           0.0907684            0.108338
0.0432239           0.0887035            0.108018
0.0417529            0.086543            0.107409
0.0402783           0.0842898            0.106514
0.0388005           0.0819465            0.105335
0.0373199           0.0795162            0.103876
0.0358367           0.0770019            0.102141
0.0343512           0.0744066            0.100136
0.0328638           0.0717334           0.0978659
0.0313746           0.0689855           0.0953379
0.0298839           0.0661662            0.092559
0.028392           0.0632787            0.089537
0.026899           0.0603263           0.0862803
0.0254052           0.0573124           0.0827978
0.0239108           0.0542403           0.0790993
0.0224158           0.0511136           0.0751946
0.0209205           0.0479356           0.0710946
0.0194251           0.0447097           0.0668101
0.0179295           0.0414396           0.0623527
0.016434           0.0381285           0.0577343
0.0149387           0.0347801           0.0529671
0.0134435           0.0313977           0.0480637
0.0119486            0.027985            0.043037
0.010454           0.0245452           0.0379002
0.00895974            0.021082           0.0326666
0.00746579           0.0175987           0.0273497
0.00597216           0.0140988           0.0219633
0.00447882           0.0105856           0.0165213
0.00298573          0.00706251           0.0110374
0.00149281          0.00353288          0.00552565
